45.0 60.555966276748585 66.57367961407049
45.0 60.555966276748585 66.57367961407049
45.0 60.555966276748585 66.57367961407049
90.0 40.3281940897965 107.27000469497447
45.0 60.555966276748585 66.57367961407049
90.0 66.366691574014 55.16740942429105
2.0818995585505002e-17 0.0 0.57
0.005932862060263089 0.00010651793350396704 0.569948216353173
0.06476438063914904 0.0075916959359647275 0.5636358086140383
0.12576364564153203 0.0359264428099419 0.5434862209923423
0.15935301812464134 0.0802956218793462 0.5181841028576294
0.17329030505172394 0.13317638652303285 0.48613120452962255
0.16731975815040698 0.1750027468352644 0.4580314791707835
0.15729370754889588 0.2009134196486317 0.43297761473687596
0.14899363515130234 0.21713484885841508 0.40923343972726045
0.15190591985162108 0.2213790469249582 0.3814611349969842
0.15837488605075273 0.21798432981693816 0.3595045784500957
0.16962345922028416 0.20882798169932226 0.32980765510619126
0.17778676545893912 0.19984425162099057 0.30215862262007637
0.18402503829386807 0.18904839074184548 0.2782720667197895
0.18563060256101382 0.18397181963203033 0.25619631859257336
0.18223272295021156 0.1806043032512956 0.24377283371587902
0.17932012439166226 0.18093696528478942 0.2412152468464222
0.1780047206375361 0.17960970118544067 0.23868988809169858
0.1780047206375361 0.17960970118544067 0.23868988809169858
0.1780047206375361 0.17960970118544067 0.23868988809169858
0.18060430325129562 0.18223272295021153 0.24377283371587902
0.18307743122436174 0.18472814989532194 0.24898156595636242
0.18868762750791332 0.19038893054468572 0.2625117109576069
0.1925645823762525 0.19430084199803288 0.2738039965054233
0.19587760346966535 0.1976437349644538 0.28545296646044693
0.1986105500824084 0.2004013232054425 0.2974018682120074
0.20075010757329925 0.20256017202828064 0.3095924879118706
0.20195898335971313 0.20377994764990717 0.31885838855182574
0.20282484062240377 0.2046536119193946 0.32820146887088963
0.20321030206882906 0.205042548881083 0.33446042698512474
0.20321030206882906 0.205042548881083 0.33446042698512474
0.20334530610679916 0.20517877018370798 0.33759612013533735
0.20334530610679916 0.20517877018370798 0.33759612013533735
0.20334530610679916 0.20517877018370798 0.33759612013533735
0.20321030206882906 0.205042548881083 0.33446042698512474
0.20303679595681642 0.20486747835025199 0.3313285585644888
0.20282484062240377 0.2046536119193946 0.32820146887088963
0.20282484062240377 0.2046536119193946 0.32820146887088963
0.20228585223330983 0.20410976373851006 0.32196543408625555
0.2015939935758745 0.20341166693366436 0.3157599202790199
0.20075010757329925 0.20256017202828064 0.3095924879118706
0.19975522237068752 0.2015563164377383 0.30347065105112714
0.19920152670766478 0.2009976283747083 0.3004291641406136
0.19920152670766478 0.2009976283747083 0.3004291641406136
0.19920152670766478 0.2009976283747083 0.3004291641406136
0.1986105500824084 0.2004013232054425 0.2974018682120074
0.1986105500824084 0.2004013232054425 0.2974018682120074
0.19798247251212334 0.199767582570272 0.2943896854089747
0.19798247251212334 0.199767582570272 0.2943896854089747
0.19798247251212334 0.199767582570272 0.2943896854089747
0.19798247251212334 0.199767582570272 0.2943896854089747
0.19798247251212334 0.199767582570272 0.2943896854089747
0.19798247251212334 0.199767582570272 0.2943896854089747
0.19798247251212334 0.199767582570272 0.2943896854089747
0.19798247251212334 0.199767582570272 0.2943896854089747
0.19798247251212334 0.199767582570272 0.2943896854089747
0.19798247251212334 0.199767582570272 0.2943896854089747
0.19944370705941877 0.201241992346943 0.2845348171875594
0.19944370705941877 0.201241992346943 0.2845348171875594
0.19944370705941877 0.201241992346943 0.2845348171875594
0.19944370705941877 0.201241992346943 0.2845348171875594
0.19944370705941877 0.201241992346943 0.2845348171875594
0.19944370705941877 0.201241992346943 0.2845348171875594
0.19944370705941877 0.201241992346943 0.2845348171875594
0.19944370705941877 0.201241992346943 0.2845348171875594
0.19944370705941877 0.201241992346943 0.2845348171875594
0.19944370705941877 0.201241992346943 0.2845348171875594
0.19944370705941877 0.201241992346943 0.2845348171875594
0.19944370705941877 0.201241992346943 0.2845348171875594
0.19944370705941877 0.201241992346943 0.2845348171875594
0.19944370705941877 0.201241992346943 0.2845348171875594
0.19944370705941877 0.201241992346943 0.2845348171875594
0.19944370705941877 0.201241992346943 0.2845348171875594
0.19944370705941877 0.201241992346943 0.2845348171875594
0.19944370705941877 0.201241992346943 0.2845348171875594
0.19944370705941877 0.201241992346943 0.2845348171875594
0.19944370705941877 0.201241992346943 0.2845348171875594
0.19944370705941877 0.201241992346943 0.2845348171875594
0.20014540132119468 0.20195001343891023 0.28751402600235704
0.20014540132119468 0.20195001343891023 0.28751402600235704
0.20014540132119468 0.20195001343891023 0.28751402600235704
0.20014540132119468 0.20195001343891023 0.28751402600235704
0.20014540132119468 0.20195001343891023 0.28751402600235704
0.20014540132119468 0.20195001343891023 0.28751402600235704
0.20014540132119468 0.20195001343891023 0.28751402600235704
0.20014540132119468 0.20195001343891023 0.28751402600235704
0.20014540132119468 0.20195001343891023 0.28751402600235704
0.19944370705941877 0.201241992346943 0.2845348171875594
0.19944370705941877 0.201241992346943 0.2845348171875594
0.19944370705941877 0.201241992346943 0.2845348171875594
0.19944370705941877 0.201241992346943 0.2845348171875594
0.19944370705941877 0.201241992346943 0.2845348171875594
0.19944370705941877 0.201241992346943 0.2845348171875594
0.20014540132119468 0.20195001343891023 0.28751402600235704
0.20014540132119468 0.20195001343891023 0.28751402600235704
0.20014540132119468 0.20195001343891023 0.28751402600235704
0.20014540132119468 0.20195001343891023 0.28751402600235704
0.20014540132119468 0.20195001343891023 0.28751402600235704
0.20014540132119468 0.20195001343891023 0.28751402600235704
0.20014540132119468 0.20195001343891023 0.28751402600235704
0.20014540132119468 0.20195001343891023 0.28751402600235704
0.20014540132119468 0.20195001343891023 0.28751402600235704
0.20014540132119468 0.20195001343891023 0.28751402600235704
0.20014540132119468 0.20195001343891023 0.28751402600235704
0.20014540132119468 0.20195001343891023 0.28751402600235704
0.20014540132119468 0.20195001343891023 0.28751402600235704
0.20014540132119468 0.20195001343891023 0.28751402600235704
0.20014540132119468 0.20195001343891023 0.28751402600235704
0.20014540132119468 0.20195001343891023 0.28751402600235704
0.20014540132119468 0.20195001343891023 0.28751402600235704
0.20014540132119468 0.20195001343891023 0.28751402600235704
0.20014540132119468 0.20195001343891023 0.28751402600235704
0.20014540132119468 0.20195001343891023 0.28751402600235704
0.20014540132119468 0.20195001343891023 0.28751402600235704
0.20014540132119468 0.20195001343891023 0.28751402600235704
0.20014540132119468 0.20195001343891023 0.28751402600235704
0.20014540132119468 0.20195001343891023 0.28751402600235704
0.20014540132119468 0.20195001343891023 0.28751402600235704
0.20014540132119468 0.20195001343891023 0.28751402600235704
0.20014540132119468 0.20195001343891023 0.28751402600235704
0.20014540132119468 0.20195001343891023 0.28751402600235704
0.20014540132119468 0.20195001343891023 0.28751402600235704
0.20014540132119468 0.20195001343891023 0.28751402600235704
0.20014540132119468 0.20195001343891023 0.28751402600235704
0.20014540132119468 0.20195001343891023 0.28751402600235704
0.20014540132119468 0.20195001343891023 0.28751402600235704
0.20014540132119468 0.20195001343891023 0.28751402600235704
0.20014540132119468 0.20195001343891023 0.28751402600235704
0.20014540132119468 0.20195001343891023 0.28751402600235704
0.20014540132119468 0.20195001343891023 0.28751402600235704
0.20014540132119468 0.20195001343891023 0.28751402600235704
0.20014540132119468 0.20195001343891023 0.28751402600235704
0.20014540132119468 0.20195001343891023 0.28751402600235704
0.20014540132119468 0.20195001343891023 0.28751402600235704
0.20014540132119468 0.20195001343891023 0.28751402600235704
0.20014540132119468 0.20195001343891023 0.28751402600235704
0.20014540132119468 0.20195001343891023 0.28751402600235704
0.20014540132119468 0.20195001343891023 0.28751402600235704
0.20014540132119468 0.20195001343891023 0.28751402600235704
0.20014540132119468 0.20195001343891023 0.28751402600235704
0.20014540132119468 0.20195001343891023 0.28751402600235704
0.20014540132119468 0.20195001343891023 0.28751402600235704
0.20014540132119468 0.20195001343891023 0.28751402600235704
0.20014540132119468 0.20195001343891023 0.28751402600235704
0.20014540132119468 0.20195001343891023 0.28751402600235704
0.20014540132119468 0.20195001343891023 0.28751402600235704
0.20014540132119468 0.20195001343891023 0.28751402600235704
0.20014540132119468 0.20195001343891023 0.28751402600235704
0.20014540132119468 0.20195001343891023 0.28751402600235704
0.20014540132119468 0.20195001343891023 0.28751402600235704
0.20014540132119468 0.20195001343891023 0.28751402600235704
0.20014540132119468 0.20195001343891023 0.28751402600235704
0.20014540132119468 0.20195001343891023 0.28751402600235704
0.20014540132119468 0.20195001343891023 0.28751402600235704
0.20014540132119468 0.20195001343891023 0.28751402600235704
0.20014540132119468 0.20195001343891023 0.28751402600235704
0.20014540132119468 0.20195001343891023 0.28751402600235704
0.20014540132119468 0.20195001343891023 0.28751402600235704
0.20014540132119468 0.20195001343891023 0.28751402600235704
0.20014540132119468 0.20195001343891023 0.28751402600235704
0.20014540132119468 0.20195001343891023 0.28751402600235704
0.20014540132119468 0.20195001343891023 0.28751402600235704
0.20014540132119468 0.20195001343891023 0.28751402600235704
0.20014540132119468 0.20195001343891023 0.28751402600235704
0.20014540132119468 0.20195001343891023 0.28751402600235704
0.20014540132119468 0.20195001343891023 0.28751402600235704
0.20014540132119468 0.20195001343891023 0.28751402600235704
0.20014540132119468 0.20195001343891023 0.28751402600235704
0.20014540132119468 0.20195001343891023 0.28751402600235704
0.20014540132119468 0.20195001343891023 0.28751402600235704
0.20014540132119468 0.20195001343891023 0.28751402600235704
0.20014540132119468 0.20195001343891023 0.28751402600235704
0.20014540132119468 0.20195001343891023 0.28751402600235704
0.20014540132119468 0.20195001343891023 0.28751402600235704
0.20014540132119468 0.20195001343891023 0.28751402600235704
0.19648794803942282 0.2055102816728525 0.28751402600235704
0.17984716628286335 0.2173978788455701 0.2974018682120074
0.15194242569864164 0.23473887588735795 0.30720759162770334
0.11905754462378573 0.2530101611560353 0.30720759162770334
0.08162040272128626 0.267445228859411 0.30720759162770334
0.052396064498463325 0.27466978902879097 0.30720759162770334
0.04573847767557073 0.2806242706144987 0.28751402600235704
0.07365039314651184 0.2765210454987933 0.27755611181137935
0.12184154025951179 0.25892645303555073 0.27755611181137935
0.16611660001701775 0.23300975132635035 0.27755611181137935
0.20143640621850673 0.20325265868901748 0.27755611181137935
0.22211941219061088 0.18041961019378958 0.27755611181137935
0.23300975132635038 0.16611660001701767 0.27755611181137935
0.23595416403923603 0.16190707670428367 0.27755611181137935
0.23150932570824528 0.168201370756885 0.27755611181137935
0.22372988525846024 0.17841862979133566 0.27755611181137935
0.21380125751940224 0.19020328939717035 0.27755611181137935
0.2068358918459379 0.1977553611376363 0.27755611181137935
0.2032526586890175 0.2014364062185067 0.27755611181137935
0.20143640621850673 0.20325265868901748 0.27755611181137935
0.1971516817445849 0.20620449270240765 0.2825430714711514
0.18056959233473655 0.21827114193081104 0.29246746120409156
0.15265147109595903 0.23583429422594304 0.3023157439579293
0.11905754462378573 0.2530101611560353 0.30720759162770334
0.08401766526458981 0.266701841957522 0.30720759162770334
0.04498167213491249 0.27598095903883463 0.30720759162770334
0.015052044829548469 0.2792172568565506 0.30720759162770334
0.007655421243953133 0.28422417934365773 0.28751402600235704
0.030763364203571113 0.28450287245871514 0.27755611181137935
0.07136097841370216 0.27793266079757023 0.27255466609926327
0.12912274411272903 0.2562543075364331 0.27255466609926327
0.17485289433546794 0.2275201497025874 0.27255466609926327
0.20917583372098186 0.19642918257048836 0.27255466609926327
0.22752014970258744 0.17485289433546788 0.27255466609926327
0.23805029473571213 0.16022175368662867 0.27255466609926327
0.2394788329449834 0.1580785935839728 0.27255466609926327
0.2336500732717453 0.1665730963819973 0.27255466609926327
0.2259415294852054 0.1768880392566557 0.27255466609926327
0.21609208658265575 0.18879397049305394 0.27255466609926327
0.20740428677314757 0.19829880233198602 0.27255466609926327
0.20198996310086456 0.203811206720066 0.27255466609926327
0.19829880233198607 0.20740428677314754 0.27255466609926327
0.19829880233198607 0.20740428677314754 0.27255466609926327
0.19829880233198607 0.20740428677314754 0.27255466609926327
0.19829880233198607 0.20740428677314754 0.27255466609926327
0.19829880233198607 0.20740428677314754 0.27255466609926327
0.19829880233198607 0.20740428677314754 0.27255466609926327
0.19829880233198607 0.20740428677314754 0.27255466609926327
0.19829880233198607 0.20740428677314754 0.27255466609926327
0.19829880233198607 0.20740428677314754 0.27255466609926327
0.19829880233198607 0.20740428677314754 0.27255466609926327
0.1996039244884591 0.20505253556878297 0.27755611181137935
0.21072615268910774 0.19088341512778143 0.28751402600235704
0.22974096765453458 0.16378622874859522 0.2974018682120074
0.249733365985614 0.12866052958970936 0.3023157439579293
0.2643430042175052 0.09116806843029936 0.30720759162770334
0.2751290239378424 0.04992855662902597 0.30720759162770334
0.27890206683832675 0.020061846708546806 0.30720759162770334
0.2840409592937564 0.012756294190741384 0.28751402600235704
0.2849963211892949 0.03340733582233632 0.27255466609926327
0.2772809385624464 0.07385278795080741 0.27255466609926327
0.25853089832793286 0.12450191881224221 0.27255466609926327
0.23062227213148018 0.17074050713024014 0.27255466609926327
0.20381120672006603 0.20198996310086453 0.27255466609926327
0.1789089327227468 0.2243447056878895 0.27255466609926327
0.1623520050977881 0.23660257737164633 0.27255466609926327
0.17122562792236126 0.22698848856404855 0.28751402600235704
0.1912889037726724 0.20740153384191334 0.2974018682120074
0.21645839426045235 0.1790699570419217 0.3023157439579293
0.23853653936862937 0.14839341409526044 0.3023157439579293
0.25832068039133715 0.11041155756063648 0.3023157439579293
0.2698594699673599 0.08235719407231325 0.2974018682120074
0.27500675865513424 0.0758970428895099 0.2825430714711514
0.2720965330448796 0.09111767053176283 0.27255466609926327
0.2562543075364331 0.12912274411272898 0.27255466609926327
0.2366025773716464 0.16235200509778805 0.27255466609926327
0.21093052786172922 0.19454373696973745 0.27255466609926327
0.19264261743567024 0.21266822782379158 0.27255466609926327
0.18091541191508706 0.22272980696299385 0.27255466609926327
0.17485289433546794 0.2275201497025874 0.27255466609926327
0.1789089327227468 0.2243447056878895 0.27255466609926327
0.193418338716175 0.20971033516174245 0.2825430714711514
0.21664158202665768 0.1825214891805898 0.29246746120409156
0.23685787515392884 0.15331401737641256 0.2974018682120074
0.25843606677837533 0.11321501814976755 0.2974018682120074
0.27197907779784514 0.07506145606609808 0.2974018682120074
0.2784722525988814 0.04538772388029416 0.2974018682120074
0.28357143638853705 0.03841236101729952 0.27755611181137935
0.28043472517350204 0.06400739601324695 0.267540257823617
0.26838674765096776 0.10348495307468623 0.267540257823617
0.24692989963791914 0.1475337469609629 0.267540257823617
0.21830845642681523 0.18730189449142146 0.267540257823617
0.1931118769529845 0.2131862678673972 0.267540257823617
0.17527881974018408 0.228074367647972 0.267540257823617
0.16697885296818923 0.23421922314140253 0.267540257823617
0.16697885296818923 0.23421922314140253 0.267540257823617
0.17527881974018408 0.228074367647972 0.267540257823617
0.1873018944914215 0.21830845642681515 0.267540257823617
0.19690766580865474 0.2096853666170374 0.267540257823617
0.2024819918837412 0.2043076718831841 0.267540257823617
0.2061168912919393 0.20063999838437283 0.267540257823617
0.2061168912919393 0.20063999838437283 0.267540257823617
0.2061168912919393 0.20063999838437283 0.267540257823617
0.2061168912919393 0.20063999838437283 0.267540257823617
0.2061168912919393 0.20063999838437283 0.267540257823617
0.2061168912919393 0.20063999838437283 0.267540257823617
0.2061168912919393 0.20063999838437283 0.267540257823617
0.2061168912919393 0.20063999838437283 0.267540257823617
0.2061168912919393 0.20063999838437283 0.267540257823617
0.2061168912919393 0.20063999838437283 0.267540257823617
0.2061168912919393 0.20063999838437283 0.267540257823617
0.2061168912919393 0.20063999838437283 0.267540257823617
0.20381120672006603 0.20198996310086453 0.27255466609926327
0.18770183353719266 0.21484203525416384 0.2825430714711514
0.15875861701099866 0.2358764318933817 0.28751402600235704
0.1279436019661586 0.2539142066012126 0.28751402600235704
0.09028558872960167 0.2696117617348088 0.28751402600235704
0.0507685922813376 0.27975800191552946 0.28751402600235704
0.02039938233192986 0.28359452533233753 0.28751402600235704
0.012838576562272745 0.28587311864922893 0.27755611181137935
0.03605168184286938 0.2853784470905867 0.267540257823617
0.07652460119390037 0.2772806651024351 0.267540257823617
0.1265950305555383 0.2569515445160678 0.2646378415104119
0.1785951662254691 0.2239512549450159 0.2646378415104119
0.20880898580756055 0.19608468944965698 0.2646378415104119
0.22712112993680014 0.17454624122788084 0.2646378415104119
0.2361876290467138 0.16206727577102778 0.2646378415104119
0.23763280743634455 0.15994076034729746 0.2646378415104119
0.23173839276742492 0.1683677977171441 0.2646378415104119
0.2223391883934984 0.18059812649933796 0.2646378415104119
0.21229525502745875 0.1923047651083475 0.2646378415104119
0.2052554249390335 0.19980142272678444 0.2646378415104119
0.20163571760712148 0.2034537671698698 0.2646378415104119
0.1998014227267845 0.20525542493903348 0.2646378415104119
0.1998014227267845 0.20525542493903348 0.2646378415104119
0.1998014227267845 0.20525542493903348 0.2646378415104119
0.1998014227267845 0.20525542493903348 0.2646378415104119
0.1998014227267845 0.20525542493903348 0.2646378415104119
0.1998014227267845 0.20525542493903348 0.2646378415104119
0.1998014227267845 0.20525542493903348 0.2646378415104119
0.1998014227267845 0.20525542493903348 0.2646378415104119
0.20019265391029983 0.20565733560476307 0.25963342179620225
0.20019265391029983 0.20565733560476307 0.25963342179620225
0.20019265391029983 0.20565733560476307 0.25963342179620225
0.20019265391029983 0.20565733560476307 0.25963342179620225
0.20019265391029983 0.20565733560476307 0.25963342179620225
0.20019265391029983 0.20565733560476307 0.25963342179620225
0.20019265391029983 0.20565733560476307 0.25963342179620225
0.20019265391029983 0.20565733560476307 0.25963342179620225
0.20019265391029983 0.20565733560476307 0.25963342179620225
0.20019265391029983 0.20565733560476307 0.25963342179620225
0.20019265391029983 0.20565733560476307 0.25963342179620225
0.20019265391029983 0.20565733560476307 0.25963342179620225
0.20019265391029983 0.20565733560476307 0.25963342179620225
0.20019265391029983 0.20565733560476307 0.25963342179620225
0.20019265391029983 0.20565733560476307 0.25963342179620225
0.20019265391029983 0.20565733560476307 0.25963342179620225
0.20019265391029983 0.20565733560476307 0.25963342179620225
0.20019265391029983 0.20565733560476307 0.25963342179620225
0.20019265391029983 0.20565733560476307 0.25963342179620225
0.20019265391029983 0.20565733560476307 0.25963342179620225
0.20019265391029983 0.20565733560476307 0.25963342179620225
0.20019265391029983 0.20565733560476307 0.25963342179620225
0.20019265391029983 0.20565733560476307 0.25963342179620225
0.20019265391029983 0.20565733560476307 0.25963342179620225
0.20019265391029983 0.20565733560476307 0.25963342179620225
0.20019265391029983 0.20565733560476307 0.25963342179620225
0.20019265391029983 0.20565733560476307 0.25963342179620225
0.20052290447212429 0.2059966010538201 0.25461997545464815
FFFFFFFFFFFFFFFFFFFFFFFFFFFFFFFFF
0.20052290447212429 0.2059966010538201 0.25461997545464815
FFFFFFFFFFFFFFFFFFFFFFFFFFFFFFFFF
0.20052290447212429 0.2059966010538201 0.25461997545464815
FFFFFFFFFFFFFFFFFFFFFFFFFFFFFFFFF
0.20052290447212429 0.2059966010538201 0.25461997545464815
0.1983386382436694 0.20744595187023068 0.25963342179620225
0.17383034650001217 0.22203589640206914 0.2737161524585754
0.1357989329288518 0.23684436049428428 0.28624730191748954
0.08132817337467892 0.25030238030378404 0.29035249479270264
0.029713617455940228 0.25348539342389087 0.2732768003061065
-0.011015086035016424 0.2452699473143387 0.25712695898283244
-0.03355611544179859 0.2320435891126246 0.23389984468852093
-0.04523410214640996 0.21598532556602182 0.2128655330742275
-0.04246344398467493 0.20275589297647742 0.19605589002889096
-0.03286160032449824 0.1908156394867074 0.18808602554446044
FFFFFFFFFFFFFFFFFFFFFFFFFFFFFFFFF
-0.019908700643653934 0.18411778642151005 0.18388119059247032
-0.007958684424480899 0.17721387770177024 0.18321229845494374
0.012386228028772428 0.17219474596442352 0.16792956467687206
0.046280153455427894 0.16200771254184632 0.1457056616840824
0.08139064717833613 0.1545578666881412 0.14175563394106203
0.11738384552221331 0.1471946865671812 0.1482806916221919
0.14948329631834936 0.1329843191736222 0.15257777073329779
0.17342436295091349 0.12600017507607594 0.15908969020141328
0.18807347385576273 0.12414621314110529 0.16518075042893932
0.197814701901933 0.13314084941130988 0.17384780556782894
0.19959922949241912 0.14777269060514522 0.18158286479390343
0.19679348678229136 0.16280173076509477 0.1878271982638688
0.19268540360344372 0.17771604165855495 0.19443235787269997
FFFFFFFFFFFFFFFFFFFFFFFFFFFFFFFFF
0.18922534395274312 0.18753443864968744 0.19902735541072503
0.18695595053854872 0.1955405939090181 0.2037690948117424
0.16606882463144837 0.21609023965361715 0.20619319416634876
0.13223557708818734 0.24053562177372764 0.20865179899670097
0.08304947566479859 0.26362846508118 0.21114416038795084
0.029714036615120645 0.27479857903070054 0.21114416038795084
-0.01240065720813184 0.2761220866031244 0.21114416038795084
-0.039559112097641874 0.27355485676423863 0.21114416038795084
-0.05459378635656822 0.2728611261095659 0.21366951914267435
-0.05704074996273228 0.27236010811830735 0.21366951914267435
-0.04722729491742268 0.2742321247872135 0.21366951914267435
-0.032396948808501795 0.27637675980159104 0.21366951914267435
-0.01747265951168063 0.2777199701499982 0.21366951914267435
-0.0024977037973111875 0.27825786085260545 0.21366951914267435
0.004995206360476455 0.278224232524673 0.21366951914267435
0.007492306471562711 0.2781681883218554 0.21366951914267435
0.007492306471562711 0.2781681883218554 0.21366951914267435
0.007492306471562711 0.2781681883218554 0.21366951914267435
0.007492306471562711 0.2781681883218554 0.21366951914267435
0.007492306471562711 0.2781681883218554 0.21366951914267435
0.007492306471562711 0.2781681883218554 0.21366951914267435
0.007492306471562711 0.2781681883218554 0.21366951914267435
0.007492306471562711 0.2781681883218554 0.21366951914267435
0.007492306471562711 0.2781681883218554 0.21366951914267435
0.007492306471562711 0.2781681883218554 0.21366951914267435
0.007492306471562711 0.2781681883218554 0.21366951914267435
0.007492306471562711 0.2781681883218554 0.21366951914267435
0.007492306471562711 0.2781681883218554 0.21366951914267435
0.007492306471562711 0.2781681883218554 0.21366951914267435
0.007492306471562711 0.2781681883218554 0.21366951914267435
0.007492306471562711 0.2781681883218554 0.21366951914267435
0.007492306471562711 0.2781681883218554 0.21366951914267435
0.007492306471562711 0.2781681883218554 0.21366951914267435
0.007492306471562711 0.2781681883218554 0.21366951914267435
0.007492306471562711 0.2781681883218554 0.21366951914267435
0.007492306471562711 0.2781681883218554 0.21366951914267435
0.007492306471562711 0.2781681883218554 0.21366951914267435
0.007492306471562711 0.2781681883218554 0.21366951914267435
0.007492306471562711 0.2781681883218554 0.21366951914267435
0.007492306471562711 0.2781681883218554 0.21366951914267435
0.007492306471562711 0.2781681883218554 0.21366951914267435
0.007492306471562711 0.2781681883218554 0.21366951914267435
0.007492306471562711 0.2781681883218554 0.21366951914267435
0.007492306471562711 0.2781681883218554 0.21366951914267435
0.007492306471562711 0.2781681883218554 0.21366951914267435
0.007492306471562711 0.2781681883218554 0.21366951914267435
0.007492306471562711 0.2781681883218554 0.21366951914267435
0.007492306471562711 0.2781681883218554 0.21366951914267435
0.007492306471562711 0.2781681883218554 0.21366951914267435
0.007492306471562711 0.2781681883218554 0.21366951914267435
0.007492306471562711 0.2781681883218554 0.21366951914267435
0.007492306471562711 0.2781681883218554 0.21366951914267435
0.007492306471562711 0.2781681883218554 0.21366951914267435
0.007492306471562711 0.2781681883218554 0.21366951914267435
0.007492306471562711 0.2781681883218554 0.21366951914267435
0.007492306471562711 0.2781681883218554 0.21366951914267435
0.007492306471562711 0.2781681883218554 0.21366951914267435
0.007492306471562711 0.2781681883218554 0.21366951914267435
0.007492306471562711 0.2781681883218554 0.21366951914267435
0.007492306471562711 0.2781681883218554 0.21366951914267435
0.007492306471562711 0.2781681883218554 0.21366951914267435
0.007492306471562711 0.2781681883218554 0.21366951914267435
0.007492306471562711 0.2781681883218554 0.21366951914267435
0.007492306471562711 0.2781681883218554 0.21366951914267435
0.007492306471562711 0.2781681883218554 0.21366951914267435
0.007492306471562711 0.2781681883218554 0.21366951914267435
0.007492306471562711 0.2781681883218554 0.21366951914267435
0.007492306471562711 0.2781681883218554 0.21366951914267435
0.007492306471562711 0.2781681883218554 0.21366951914267435
0.007492306471562711 0.2781681883218554 0.21366951914267435
0.007492306471562711 0.2781681883218554 0.21366951914267435
0.007492306471562711 0.2781681883218554 0.21366951914267435
0.007492306471562711 0.2781681883218554 0.21366951914267435
0.007492306471562711 0.2781681883218554 0.21366951914267435
0.007492306471562711 0.2781681883218554 0.21366951914267435
0.007492306471562711 0.2781681883218554 0.21366951914267435
0.007492306471562711 0.2781681883218554 0.21366951914267435
0.007492306471562711 0.2781681883218554 0.21366951914267435
0.007492306471562711 0.2781681883218554 0.21366951914267435
0.007492306471562711 0.2781681883218554 0.21366951914267435
0.007492306471562711 0.2781681883218554 0.21366951914267435
0.007492306471562711 0.2781681883218554 0.21366951914267435
0.007492306471562711 0.2781681883218554 0.21366951914267435
0.007492306471562711 0.2781681883218554 0.21366951914267435
0.007492306471562711 0.2781681883218554 0.21366951914267435
0.007492306471562711 0.2781681883218554 0.21366951914267435
0.007492306471562711 0.2781681883218554 0.21366951914267435
0.007492306471562711 0.2781681883218554 0.21366951914267435
0.007492306471562711 0.2781681883218554 0.21366951914267435
0.007492306471562711 0.2781681883218554 0.21366951914267435
0.007492306471562711 0.2781681883218554 0.21366951914267435
0.007492306471562711 0.2781681883218554 0.21366951914267435
0.007492306471562711 0.2781681883218554 0.21366951914267435
0.007492306471562711 0.2781681883218554 0.21366951914267435
0.007492306471562711 0.2781681883218554 0.21366951914267435
0.007492306471562711 0.2781681883218554 0.21366951914267435
0.007492306471562711 0.2781681883218554 0.21366951914267435
0.007492306471562711 0.2781681883218554 0.21366951914267435
0.007492306471562711 0.2781681883218554 0.21366951914267435
0.007492306471562711 0.2781681883218554 0.21366951914267435
0.007492306471562711 0.2781681883218554 0.21366951914267435
0.007492306471562711 0.2781681883218554 0.21366951914267435
0.007492306471562711 0.2781681883218554 0.21366951914267435
0.007492306471562711 0.2781681883218554 0.21366951914267435
0.007492306471562711 0.2781681883218554 0.21366951914267435
0.007492306471562711 0.2781681883218554 0.21366951914267435
0.007492306471562711 0.2781681883218554 0.21366951914267435
0.007492306471562711 0.2781681883218554 0.21366951914267435
0.007492306471562711 0.2781681883218554 0.21366951914267435
0.007492306471562711 0.2781681883218554 0.21366951914267435
0.007492306471562711 0.2781681883218554 0.21366951914267435
0.007492306471562711 0.2781681883218554 0.21366951914267435
0.007483491655742997 0.27784091909491343 0.20881554143503567
0.007483491655742997 0.27784091909491343 0.20881554143503567
0.007483491655742997 0.27784091909491343 0.20881554143503567
0.007483491655742997 0.27784091909491343 0.20881554143503567
0.007483491655742997 0.27784091909491343 0.20881554143503567
0.007483491655742997 0.27784091909491343 0.20881554143503567
0.007483491655742997 0.27784091909491343 0.20881554143503567
0.007483491655742997 0.27784091909491343 0.20881554143503567
0.007483491655742997 0.27784091909491343 0.20881554143503567
0.007483491655742997 0.27784091909491343 0.20881554143503567
0.007483491655742997 0.27784091909491343 0.20881554143503567
0.007483491655742997 0.27784091909491343 0.20881554143503567
0.007472397295870734 0.27742901683250976 0.2039680167186943
0.007472397295870734 0.27742901683250976 0.2039680167186943
0.00745902677139541 0.2769326070040637 0.199128421596638
0.00745902677139541 0.2769326070040637 0.199128421596638
0.00745902677139541 0.2769326070040637 0.199128421596638
0.00745902677139541 0.2769326070040637 0.199128421596638
0.00745902677139541 0.2769326070040637 0.199128421596638
0.00745902677139541 0.2769326070040637 0.199128421596638
0.00745902677139541 0.2769326070040637 0.199128421596638
0.00745902677139541 0.2769326070040637 0.199128421596638
0.00745902677139541 0.2769326070040637 0.199128421596638
0.00745902677139541 0.2769326070040637 0.199128421596638
0.00745902677139541 0.2769326070040637 0.199128421596638
0.00745902677139541 0.2769326070040637 0.199128421596638
0.00745902677139541 0.2769326070040637 0.199128421596638
0.00745902677139541 0.2769326070040637 0.199128421596638
0.00745902677139541 0.2769326070040637 0.199128421596638
0.00745902677139541 0.2769326070040637 0.199128421596638
0.00745902677139541 0.2769326070040637 0.199128421596638
0.00745902677139541 0.2769326070040637 0.199128421596638
0.007443384155108304 0.27635184082081776 0.19429823025642295
0.00742547421190187 0.2756868951897774 0.18947891402112266
0.0074053023973183075 0.2749379726598234 0.18467194090114808
0.007382874855887746 0.27410530136001315 0.17987877514707779
0.007382874855887746 0.27410530136001315 0.17987877514707779
0.007358198419256567 0.273189134930091 0.1751008768036329
0.007331280604106414 0.2721897524432266 0.17033970126493336
0.007331280604106414 0.2721897524432266 0.17033970126493336
0.007331280604106414 0.2721897524432266 0.17033970126493336
0.007331280604106414 0.2721897524432266 0.17033970126493336
0.007331280604106414 0.2721897524432266 0.17033970126493336
0.007331280604106414 0.2721897524432266 0.17033970126493336
0.007331280604106414 0.2721897524432266 0.17033970126493336
0.007331280604106414 0.2721897524432266 0.17033970126493336
0.007331280604106414 0.2721897524432266 0.17033970126493336
0.007331280604106414 0.2721897524432266 0.17033970126493336
0.007331280604106414 0.2721897524432266 0.17033970126493336
0.007331280604106414 0.2721897524432266 0.17033970126493336
0.007331280604106414 0.2721897524432266 0.17033970126493336
0.007331280604106414 0.2721897524432266 0.17033970126493336
0.007331280604106414 0.2721897524432266 0.17033970126493336
0.007358198419256567 0.273189134930091 0.1751008768036329
0.007382874855887746 0.27410530136001315 0.17987877514707779
0.0074053023973183075 0.2749379726598234 0.18467194090114808
0.00742547421190187 0.2756868951897774 0.18947891402112266
0.00742547421190187 0.2756868951897774 0.18947891402112266
0.007443384155108304 0.27635184082081776 0.19429823025642295
0.00745902677139541 0.2769326070040637 0.199128421596638
0.007472397295870734 0.27742901683250976 0.2039680167186943
0.007472397295870734 0.27742901683250976 0.2039680167186943
0.007472397295870734 0.27742901683250976 0.2039680167186943
0.007472397295870734 0.27742901683250976 0.2039680167186943
0.007472397295870734 0.27742901683250976 0.2039680167186943
0.007472397295870734 0.27742901683250976 0.2039680167186943
0.007472397295870734 0.27742901683250976 0.2039680167186943
0.007472397295870734 0.27742901683250976 0.2039680167186943
0.007472397295870734 0.27742901683250976 0.2039680167186943
0.007472397295870734 0.27742901683250976 0.2039680167186943
0.007472397295870734 0.27742901683250976 0.2039680167186943
0.007483491655742997 0.27784091909491343 0.20881554143503567
0.0074988390582515834 0.2784107248239588 0.21852847127297909
0.007504727024011678 0.2786293283707575 0.23312036849012843
0.007490045054646136 0.2780842282957791 0.24770371299414054
0.007468846888149557 0.27729720021671167 0.25740144765688133
0.007468846888149557 0.27729720021671167 0.25740144765688133
0.007468846888149557 0.27729720021671167 0.25740144765688133
0.007468846888149557 0.27729720021671167 0.25740144765688133
0.007468846888149557 0.27729720021671167 0.25740144765688133
0.007468846888149557 0.27729720021671167 0.25740144765688133
0.007468846888149557 0.27729720021671167 0.25740144765688133
0.007468846888149557 0.27729720021671167 0.25740144765688133
0.007468846888149557 0.27729720021671167 0.25740144765688133
0.007468846888149557 0.27729720021671167 0.25740144765688133
0.007468846888149557 0.27729720021671167 0.25740144765688133
0.007468846888149557 0.27729720021671167 0.25740144765688133
0.007468846888149557 0.27729720021671167 0.25740144765688133
0.007468846888149557 0.27729720021671167 0.25740144765688133
0.007468846888149557 0.27729720021671167 0.25740144765688133
0.007468846888149557 0.27729720021671167 0.25740144765688133
0.007468846888149557 0.27729720021671167 0.25740144765688133
0.007468846888149557 0.27729720021671167 0.25740144765688133
0.007468846888149557 0.27729720021671167 0.25740144765688133
0.007468846888149557 0.27729720021671167 0.25740144765688133
0.007480585300772182 0.2777330143395594 0.252556015715957
0.007490045054646136 0.2780842282957791 0.24770371299414054
0.007497223268238748 0.2783507351021975 0.2428460175498463
0.0075021177549966225 0.2785324535782597 0.23798440908416427
0.007505050280475297 0.27864132997069063 0.22825537740162288
0.0074988390582515834 0.2784107248239588 0.21852847127297909
0.007492306471562711 0.2781681883218554 0.21366951914267435
0.007492306471562711 0.2781681883218554 0.21366951914267435
0.007492306471562711 0.2781681883218554 0.21366951914267435
0.007492306471562711 0.2781681883218554 0.21366951914267435
0.007492306471562711 0.2781681883218554 0.21366951914267435
0.007492306471562711 0.2781681883218554 0.21366951914267435
0.007492306471562711 0.2781681883218554 0.21366951914267435
0.007492306471562711 0.2781681883218554 0.21366951914267435
0.007492306471562711 0.2781681883218554 0.21366951914267435
0.007492306471562711 0.2781681883218554 0.21366951914267435
0.007492306471562711 0.2781681883218554 0.21366951914267435
0.007492306471562711 0.2781681883218554 0.21366951914267435
0.007492306471562711 0.2781681883218554 0.21366951914267435
0.007492306471562711 0.2781681883218554 0.21366951914267435
0.007492306471562711 0.2781681883218554 0.21366951914267435
0.007492306471562711 0.2781681883218554 0.21366951914267435
0.007492306471562711 0.2781681883218554 0.21366951914267435
0.007492306471562711 0.2781681883218554 0.21366951914267435
0.007492306471562711 0.2781681883218554 0.21366951914267435
0.007492306471562711 0.2781681883218554 0.21366951914267435
0.007492306471562711 0.2781681883218554 0.21366951914267435
0.007492306471562711 0.2781681883218554 0.21366951914267435
0.007492306471562711 0.2781681883218554 0.21366951914267435
0.007492306471562711 0.2781681883218554 0.21366951914267435
0.007492306471562711 0.2781681883218554 0.21366951914267435
0.007492306471562711 0.2781681883218554 0.21366951914267435
0.007492306471562711 0.2781681883218554 0.21366951914267435
0.007492306471562711 0.2781681883218554 0.21366951914267435
0.007492306471562711 0.2781681883218554 0.21366951914267435
0.007492306471562711 0.2781681883218554 0.21366951914267435
0.007492306471562711 0.2781681883218554 0.21366951914267435
0.007483491655742997 0.27784091909491343 0.20881554143503567
0.00745902677139541 0.2769326070040637 0.199128421596638
0.007443384155108304 0.27635184082081776 0.19429823025642295
0.007443384155108304 0.27635184082081776 0.19429823025642295
0.00742547421190187 0.2756868951897774 0.18947891402112266
0.00742547421190187 0.2756868951897774 0.18947891402112266
0.00742547421190187 0.2756868951897774 0.18947891402112266
0.00742547421190187 0.2756868951897774 0.18947891402112266
0.00742547421190187 0.2756868951897774 0.18947891402112266
0.00742547421190187 0.2756868951897774 0.18947891402112266
0.00742547421190187 0.2756868951897774 0.18947891402112266
0.00742547421190187 0.2756868951897774 0.18947891402112266
0.00742547421190187 0.2756868951897774 0.18947891402112266
0.00742547421190187 0.2756868951897774 0.18947891402112266
0.00742547421190187 0.2756868951897774 0.18947891402112266
0.00742547421190187 0.2756868951897774 0.18947891402112266
0.00742547421190187 0.2756868951897774 0.18947891402112266
0.00742547421190187 0.2756868951897774 0.18947891402112266
0.00742547421190187 0.2756868951897774 0.18947891402112266
0.00742547421190187 0.2756868951897774 0.18947891402112266
0.00742547421190187 0.2756868951897774 0.18947891402112266
0.00742547421190187 0.2756868951897774 0.18947891402112266
0.00742547421190187 0.2756868951897774 0.18947891402112266
0.00742547421190187 0.2756868951897774 0.18947891402112266
0.00742547421190187 0.2756868951897774 0.18947891402112266
0.00742547421190187 0.2756868951897774 0.18947891402112266
0.00742547421190187 0.2756868951897774 0.18947891402112266
0.00742547421190187 0.2756868951897774 0.18947891402112266
0.00742547421190187 0.2756868951897774 0.18947891402112266
0.00742547421190187 0.2756868951897774 0.18947891402112266
0.00742547421190187 0.2756868951897774 0.18947891402112266
0.00742547421190187 0.2756868951897774 0.18947891402112266
0.00742547421190187 0.2756868951897774 0.18947891402112266
0.00742547421190187 0.2756868951897774 0.18947891402112266
0.00742547421190187 0.2756868951897774 0.18947891402112266
0.007480407977846167 0.2777264308399034 0.19186776949583692
0.007480407977846167 0.2777264308399034 0.19186776949583692
0.007534210852710203 0.27972397969675294 0.19429186885044322
0.0075868664476171025 0.2816789332875938 0.19675047368079546
FFFFFFFFFFFFFFFFFFFFFFFFFFFFFFFFF
