0.14458417892456055,52,674,6.28
0.18168282508850098,75,757,5.250255741323346
0.20976042747497559,97,797,4.8837365984045364
0.2483689785003662,130,825,4.4124977003660675
0.2750275135040283,152,847,3.9238055098076554
0.29949021339416504,172,849,3.5747396594087895
0.3255424499511719,195,867,3.190767223970037
0.3497159481048584,216,868,2.824248081051228
0.37593650817871094,240,864,2.422822353092532
0.40181493759155273,260,847,2.0039433326138925
0.435039758682251,288,775,1.654877482215027
0.45979762077331543,305,708,1.2185451692164442
0.4860348701477051,321,611,0.8869326113375218
0.5104179382324219,334,517,0.6251332235383726
0.537001371383667,345,411,0.3982404207791097
0.5616247653961182,353,296,0.22370749557967695
0.5877022743225098,358,198,0.10153444794007349
0.6121842861175537,362,147,0.014267985340357114
0.6384649276733398,364,73,-0.03809189221947307
0.6628966331481934,364,55,-0.07299847725935926
0.6887128353118896,365,40,-0.07299847725935926
0.7145729064941406,365,40,-0.09045176977930236
0.7399871349334717,365,16,-0.09045176977930236
0.7655937671661377,365,16,-0.09045176977930236
0.790480375289917,365,7,-0.09045176977930236
0.8215713500976562,365,2,-0.09045176977930236
0.849855899810791,365,2,-0.09045176977930236
0.8749706745147705,365,0,-0.09045176977930236
0.9002537727355957,365,0,-0.09045176977930236
0.9250543117523193,365,0,-0.09045176977930236
0.9509947299957275,365,0,-0.09045176977930236
0.9760699272155762,365,0,-0.09045176977930236
1.0020599365234375,365,0,-0.09045176977930236
1.026886224746704,365,0,-0.09045176977930236
1.0523593425750732,365,0,-0.09045176977930236
1.0775697231292725,365,0,-0.09045176977930236
1.1028187274932861,365,0,-0.09045176977930236
1.1275441646575928,365,0,-0.09045176977930236
1.1534459590911865,365,0,-0.09045176977930236
1.1788411140441895,365,0,-0.09045176977930236
1.205047845840454,365,0,-0.09045176977930236
1.2374546527862549,365,0,-0.09045176977930236
1.2617614269256592,365,0,-0.09045176977930236
1.287618637084961,365,0,-0.09045176977930236
1.3123540878295898,365,0,-0.09045176977930236
1.3382327556610107,365,0,-0.09045176977930236
1.3629326820373535,365,0,-0.09045176977930236
1.3898770809173584,365,0,-0.09045176977930236
1.4149281978607178,365,0,-0.09045176977930236
1.4399359226226807,365,0,-0.09045176977930236
1.4646587371826172,365,0,-0.09045176977930236
1.490178108215332,365,0,-0.09045176977930236
1.5148887634277344,365,0,-0.09045176977930236
1.5409190654754639,365,0,-0.09045176977930236
1.5662968158721924,365,0,-0.09045176977930236
1.5915911197662354,365,0,-0.09045176977930236
1.6201176643371582,365,0,-0.09045176977930236
1.6479532718658447,365,0,-0.09045176977930236
1.6723508834838867,365,0,-0.09045176977930236
1.6978974342346191,365,0,-0.09045176977930236
1.7230000495910645,365,0,-0.09045176977930236
1.7485847473144531,365,0,-0.09045176977930236
1.7744145393371582,365,0,-0.09045176977930236
1.7996273040771484,365,0,-0.09045176977930236
1.8245937824249268,365,0,-0.09045176977930236
1.8500096797943115,365,0,-0.09045176977930236
1.8755898475646973,365,0,-0.09045176977930236
1.9013686180114746,365,0,-0.09045176977930236
1.9258933067321777,365,0,-0.09045176977930236
1.9520022869110107,365,0,-0.09045176977930236
1.9901096820831299,365,0,-0.09045176977930236
2.020463705062866,365,0,-0.09045176977930236
2.0475356578826904,365,0,-0.09045176977930236
2.072754144668579,365,0,-0.09045176977930236
2.0980093479156494,365,0,-0.09045176977930236
2.1228203773498535,365,0,-0.09045176977930236
2.148601531982422,365,0,-0.09045176977930236
2.17297625541687,365,0,-0.09045176977930236
2.1981122493743896,365,0,-0.09045176977930236
2.2245140075683594,365,0,-0.09045176977930236
2.2485597133636475,365,0,-0.09045176977930236
2.274949789047241,365,0,-0.09045176977930236
2.298983573913574,365,0,-0.09045176977930236
2.3248705863952637,365,0,-0.09045176977930236
2.3497860431671143,365,0,-0.09045176977930236
2.3757314682006836,365,0,-0.09045176977930236
2.4010543823242188,365,0,-0.09045176977930236
2.434451103210449,365,0,-0.09045176977930236
2.459986448287964,365,0,-0.09045176977930236
2.4849965572357178,365,0,-0.09045176977930236
2.510479211807251,365,0,-0.09045176977930236
2.5362744331359863,365,0,-0.09045176977930236
2.561741828918457,365,0,-0.09045176977930236
2.5868070125579834,365,0,-0.09045176977930236
2.612025737762451,365,0,-0.09045176977930236
2.6368865966796875,365,0,-0.09045176977930236
2.6628904342651367,365,0,-0.09045176977930236
2.6875510215759277,365,0,-0.09045176977930236
2.7134313583374023,365,0,-0.09045176977930236
2.737989664077759,365,0,-0.09045176977930236
2.7639503479003906,365,0,-0.09045176977930236
2.7889351844787598,365,0,-0.09045176977930236
2.8150088787078857,365,0,-0.09045176977930236
2.846374750137329,365,0,-0.09045176977930236
2.8717191219329834,365,0,-0.09045176977930236
2.8973050117492676,365,0,-0.09045176977930236
2.922377824783325,365,0,-0.09045176977930236
2.9475531578063965,365,0,-0.09045176977930236
2.973040819168091,365,0,-0.09045176977930236
2.998410701751709,365,0,-0.09045176977930236
3.024808406829834,365,0,-0.09045176977930236
3.048919677734375,365,0,-0.09045176977930236
3.0749475955963135,365,0,-0.09045176977930236
3.0990216732025146,365,0,-0.09045176977930236
3.124917984008789,365,0,-0.09045176977930236
3.149977922439575,365,0,-0.09045176977930236
3.1760592460632324,365,0,-0.09045176977930236
3.2003517150878906,365,0,-0.09045176977930236
3.231630325317383,365,0,-0.09045176977930236
3.257657527923584,365,0,-0.09045176977930236
3.2833662033081055,365,0,-0.09045176977930236
3.3077938556671143,365,0,-0.09045176977930236
3.3346385955810547,365,0,-0.09045176977930236
3.3588404655456543,365,0,-0.09045176977930236
3.3863770961761475,365,0,-0.09045176977930236
3.410419225692749,365,0,-0.09045176977930236
3.436594009399414,365,0,-0.09045176977930236
3.4612956047058105,365,0,-0.09045176977930236
3.4869096279144287,365,0,-0.09045176977930236
3.5117874145507812,365,0,-0.09045176977930236
3.537954807281494,365,0,-0.09045176977930236
3.56210994720459,365,0,-0.09045176977930236
3.5883679389953613,365,0,-0.09045176977930236
3.6123766899108887,365,0,-0.09045176977930236
3.6449594497680664,365,0,-0.09045176977930236
3.669001817703247,365,0,-0.09045176977930236
3.6950337886810303,365,0,-0.09045176977930236
3.719773292541504,365,0,-0.09045176977930236
3.745572805404663,365,0,-0.09045176977930236
3.770137071609497,365,0,-0.09045176977930236
3.796093225479126,365,0,-0.09045176977930236
3.8213844299316406,365,0,-0.09045176977930236
3.847599506378174,365,0,-0.09045176977930236
3.881772041320801,365,0,-0.09045176977930236
3.9279978275299072,365,0,-0.09045176977930236
3.9746415615081787,365,0,-0.09045176977930236
3.9989511966705322,365,0,-0.09045176977930236
4.046541690826416,365,0,-0.09045176977930236
4.070852518081665,365,0,-0.09045176977930236
4.096962928771973,365,0,-0.09045176977930236
4.121805667877197,365,0,-0.09045176977930236
4.147547721862793,365,0,-0.09045176977930236
4.172152280807495,365,0,-0.09045176977930236
4.198168516159058,365,0,-0.09045176977930236
4.22237753868103,365,0,-0.09045176977930236
4.248395681381226,365,0,-0.09045176977930236
4.2727906703948975,365,0,-0.09045176977930236
4.2989277839660645,365,0,-0.09045176977930236
4.32440710067749,365,0,-0.09045176977930236
4.349702835083008,365,0,-0.09045176977930236
4.374581336975098,365,0,-0.09045176977930236
4.400990724563599,365,0,-0.09045176977930236
4.4317333698272705,365,0,-0.09045176977930236
4.457765102386475,365,0,-0.09045176977930236
4.48397421836853,365,0,-0.09045176977930236
4.508832931518555,365,0,-0.09045176977930236
4.534906625747681,365,0,-0.09045176977930236
4.558941125869751,365,0,-0.09045176977930236
4.584597826004028,365,0,-0.09045176977930236
4.6089513301849365,365,0,-0.09045176977930236
4.635509729385376,365,0,-0.09045176977930236
4.659809112548828,365,0,-0.09045176977930236
4.685912609100342,365,0,-0.09045176977930236
4.7101616859436035,365,0,-0.09045176977930236
4.735919237136841,365,0,-0.09045176977930236
4.761005878448486,365,0,-0.09045176977930236
4.787001609802246,365,0,-0.09045176977930236
4.811797618865967,365,0,-0.09045176977930236
4.844903469085693,365,0,-0.09045176977930236
4.8696982860565186,365,0,-0.09045176977930236
4.896479606628418,365,0,-0.09045176977930236
4.920861005783081,365,0,-0.09045176977930236
4.946987628936768,365,0,-0.09045176977930236
4.971494436264038,365,0,-0.09045176977930236
4.997678279876709,365,0,-0.09045176977930236
5.022136449813843,365,0,-0.09045176977930236
5.048065423965454,365,0,-0.09045176977930236
5.0723700523376465,365,0,-0.09045176977930236
5.097882032394409,365,0,-0.09045176977930236
5.122877836227417,365,0,-0.09045176977930236
5.148877859115601,365,0,-0.09045176977930236
5.17344069480896,365,0,-0.09045176977930236
5.199685096740723,365,0,-0.09045176977930236
5.223955154418945,365,0,-0.09045176977930236
5.256871938705444,365,0,-0.09045176977930236
5.281538009643555,365,0,-0.09045176977930236
5.307579755783081,365,0,-0.09045176977930236
5.3317906856536865,365,0,-0.09045176977930236
5.357930898666382,365,0,-0.09045176977930236
5.383364915847778,365,0,-0.09045176977930236
5.409673452377319,365,0,-0.09045176977930236
5.434858083724976,365,0,-0.09045176977930236
5.4601123332977295,365,0,-0.09045176977930236
5.484675884246826,365,0,-0.09045176977930236
5.510326862335205,365,0,-0.09045176977930236
5.535394668579102,365,0,-0.09045176977930236
5.560366153717041,365,0,-0.09045176977930236
5.5848143100738525,365,0,-0.09045176977930236
5.610511064529419,365,0,-0.09045176977930236
5.641430139541626,365,0,-0.09045176977930236
5.667794704437256,365,0,-0.09045176977930236
5.692128419876099,365,0,-0.09045176977930236
5.718277215957642,365,0,-0.09045176977930236
5.7427568435668945,365,0,-0.09045176977930236
5.768388032913208,365,0,-0.09045176977930236
5.79289984703064,365,0,-0.09045176977930236
5.818761348724365,365,0,-0.09045176977930236
5.843443870544434,365,0,-0.09045176977930236
5.869836330413818,365,0,-0.09045176977930236
5.894667863845825,365,0,-0.09045176977930236
5.920482873916626,365,0,-0.09045176977930236
5.945730209350586,365,0,-0.09045176977930236
5.971521615982056,365,0,-0.09045176977930236
5.996782064437866,365,0,-0.09045176977930236
6.0219645500183105,365,0,-0.09045176977930236
6.0538835525512695,365,0,-0.09045176977930236
6.079695701599121,365,0,-0.09045176977930236
6.104588508605957,365,0,-0.09045176977930236
6.13004469871521,365,0,-0.09045176977930236
6.154770135879517,365,0,-0.09045176977930236
6.180438041687012,365,0,-0.09045176977930236
6.205571174621582,365,0,-0.09045176977930236
6.230942249298096,365,0,-0.09045176977930236
6.256395101547241,365,0,-0.09045176977930236
6.281826496124268,365,0,-0.09045176977930236
6.306766748428345,365,0,-0.09045176977930236
6.332782983779907,365,0,-0.09045176977930236
6.357553958892822,365,0,-0.09045176977930236
6.384507656097412,365,0,-0.09045176977930236
6.408933639526367,365,0,-0.09045176977930236
6.438547611236572,365,0,-0.09045176977930236
6.467579126358032,365,0,-0.09045176977930236
6.491799354553223,365,0,-0.09045176977930236
6.518029689788818,365,0,-0.09045176977930236
6.5421648025512695,365,0,-0.09045176977930236
6.5681891441345215,365,0,-0.09045176977930236
6.593411922454834,365,0,-0.09045176977930236
6.618955612182617,365,0,-0.09045176977930236
6.644479990005493,365,0,-0.09045176977930236
6.66987681388855,365,0,-0.09045176977930236
6.694960832595825,365,0,-0.09045176977930236
6.720097541809082,365,0,-0.09045176977930236
6.745389461517334,365,0,-0.09045176977930236
6.770059823989868,365,0,-0.09045176977930236
6.7955322265625,365,0,-0.09045176977930236
6.820510625839233,365,0,-0.09045176977930236
6.851586818695068,365,0,-0.09045176977930236
6.8781938552856445,365,0,-0.09045176977930236
6.902690410614014,365,0,-0.09045176977930236
6.928354501724243,365,0,-0.09045176977930236
6.9528114795684814,365,0,-0.09045176977930236
6.98585844039917,365,0,-0.09045176977930236
7.010211229324341,365,0,-0.09045176977930236
7.0363829135894775,365,0,-0.09045176977930236
7.0605316162109375,365,0,-0.09045176977930236
7.086775302886963,365,0,-0.09045176977930236
7.11142635345459,365,0,-0.09045176977930236
7.137458086013794,365,0,-0.09045176977930236
7.161916255950928,365,0,-0.09045176977930236
7.188006639480591,365,0,-0.09045176977930236
7.2123308181762695,365,0,-0.09045176977930236
7.244288444519043,365,0,-0.09045176977930236
7.2701096534729,365,0,-0.09045176977930236
7.296312570571899,365,0,-0.09045176977930236
7.320392847061157,365,0,-0.09045176977930236
7.346811532974243,365,0,-0.09045176977930236
7.371306657791138,365,0,-0.09045176977930236
7.398015260696411,365,0,-0.09045176977930236
7.421985626220703,365,0,-0.09045176977930236
7.448264837265015,365,0,-0.09045176977930236
7.473001718521118,365,0,-0.09045176977930236
7.49881386756897,365,0,-0.09045176977930236
7.524617671966553,365,0,-0.09045176977930236
7.550189971923828,365,0,-0.09045176977930236
7.574846267700195,365,0,-0.09045176977930236
7.600536584854126,365,0,-0.09045176977930236
7.625773668289185,365,0,-0.09045176977930236
7.6579670906066895,365,0,-0.09045176977930236
7.683426856994629,365,0,-0.09045176977930236
7.708318710327148,365,0,-0.09045176977930236
7.732798337936401,365,0,-0.09045176977930236
7.758280992507935,365,0,-0.09045176977930236
7.782357215881348,365,0,-0.09045176977930236
7.807895183563232,365,0,-0.09045176977930236
7.832852602005005,365,0,-0.09045176977930236
7.858267784118652,365,0,-0.09045176977930236
7.882883310317993,365,0,-0.09045176977930236
7.908856153488159,365,0,-0.09045176977930236
7.933419227600098,365,0,-0.09045176977930236
7.959669828414917,365,0,-0.09045176977930236
7.984610319137573,365,0,-0.09045176977930236
8.01000452041626,365,0,-0.09045176977930236
8.034960985183716,365,0,-0.09045176977930236
8.066813707351685,365,0,-0.09045176977930236
8.091845512390137,365,0,-0.09045176977930236
8.117475509643555,365,0,-0.09045176977930236
8.142964124679565,365,0,-0.09045176977930236
8.167711973190308,365,0,-0.09045176977930236
8.19445538520813,365,0,-0.09045176977930236
8.218810319900513,365,0,-0.09045176977930236
8.244641065597534,365,0,-0.09045176977930236
8.269686460494995,365,0,-0.09045176977930236
8.295572996139526,365,0,-0.09045176977930236
8.320142030715942,365,0,-0.09045176977930236
8.346292972564697,365,0,-0.09045176977930236
8.370473384857178,365,0,-0.09045176977930236
8.416954278945923,365,0,-0.09045176977930236
8.473429203033447,365,0,-0.09045176977930236
8.522218704223633,365,0,-0.09045176977930236
8.57387924194336,365,0,-0.09045176977930236
8.622151851654053,365,0,-0.09045176977930236
8.67208456993103,365,0,-0.09045176977930236
8.71828031539917,365,0,-0.09045176977930236
8.742796421051025,365,0,-0.09045176977930236
8.768396615982056,365,0,-0.09045176977930236
8.793389081954956,365,0,-0.09045176977930236
8.818873882293701,365,0,-0.09045176977930236
8.849786758422852,365,0,-0.09045176977930236
8.879669666290283,365,0,-0.09045176977930236
8.905356168746948,365,0,-0.09045176977930236
8.930137872695923,365,0,-0.09045176977930236
8.956457138061523,365,0,-0.09045176977930236
8.980759859085083,365,0,-0.09045176977930236
9.007326126098633,365,0,-0.09045176977930236
9.031680583953857,365,0,-0.09045176977930236
9.05795931816101,365,0,-0.09045176977930236
9.082038640975952,365,0,-0.09045176977930236
9.107728242874146,365,0,-0.09045176977930236
9.132181167602539,365,0,-0.09045176977930236
9.157660007476807,365,0,-0.09045176977930236
9.182374954223633,365,0,-0.09045176977930236
9.208070993423462,365,0,-0.09045176977930236
9.232378959655762,365,0,-0.09045176977930236
9.26487684249878,365,0,-0.09045176977930236
9.289783716201782,365,0,-0.09045176977930236
9.31572413444519,365,0,-0.09045176977930236
9.340339183807373,365,0,-0.09045176977930236
9.3659348487854,365,0,-0.09045176977930236
9.391838073730469,365,0,-0.09045176977930236
9.417941093444824,365,0,-0.09045176977930236
9.442164421081543,365,0,-0.09045176977930236
9.46827220916748,365,0,-0.09045176977930236
9.492875576019287,365,0,-0.09045176977930236
9.518242120742798,365,0,-0.09045176977930236
9.544394493103027,365,0,-0.09045176977930236
9.569992065429688,365,0,-0.09045176977930236
9.5950026512146,365,0,-0.09045176977930236
9.619901657104492,365,0,-0.09045176977930236
9.649992227554321,365,0,-0.09045176977930236
9.677526950836182,365,0,-0.09045176977930236
9.70193600654602,365,0,-0.09045176977930236
9.727720737457275,365,0,-0.09045176977930236
9.752808570861816,365,0,-0.09045176977930236
9.778908729553223,365,0,-0.09045176977930236
9.80438232421875,365,0,-0.09045176977930236
9.830137729644775,365,0,-0.09045176977930236
9.854818344116211,365,0,-0.09045176977930236
9.880789756774902,365,0,-0.09045176977930236
9.905843734741211,365,0,-0.09045176977930236
9.931740283966064,365,0,-0.09045176977930236
9.957329273223877,365,0,-0.09045176977930236
9.9823739528656,365,0,-0.09045176977930236
10.007625102996826,365,0,-0.09045176977930236
