0.02057480812072754,1,23,6.28
0.04599785804748535,9,301,6.233100623157333
0.07181096076965332,20,492,6.10160616503839
0.09666919708251953,36,596,5.901349485936354
0.12244009971618652,53,690,5.628976751699003
0.14836812019348145,72,748,5.358779348577374
0.17374897003173828,91,780,5.051499314044399
0.19895219802856445,112,808,4.7117812804395545
0.22439312934875488,133,827,4.369607535469964
0.25830793380737305,162,839,4.046889322247612
0.28336215019226074,182,861,3.565408241177313
0.3096446990966797,205,861,3.2502698314217575
0.33504486083984375,227,868,2.8560964593653595
0.360947847366333,250,866,2.498905582917086
0.3867812156677246,273,876,2.14035643582367
0.4122774600982666,295,861,1.76448703377745
0.4375944137573242,315,814,1.4066009287525159
0.4630615711212158,335,740,1.065177963888516
0.48868608474731445,352,657,0.7939236512057297
0.5142073631286621,367,546,0.5228541129217481
0.5400388240814209,378,458,0.3041623335910275
0.5669174194335938,388,345,0.13791340148566533
0.5915815830230713,394,250,0.02358851777753479
0.6180419921875,399,163,-0.054008978202110036
0.6428990364074707,401,88,-0.0993594483917466
0.6775038242340088,402,56,-0.10741175677452919
0.702164888381958,402,56,-0.07402242686425087
0.7285976409912109,402,18,-0.048240080138787
0.7535326480865479,402,18,-0.022589102050408094
0.7796964645385742,402,8,0.002784595230475695
0.8095824718475342,402,3,0.028879747131720812
0.8598740100860596,402,3,0.05404458973731163
0.9075875282287598,402,0,0.09887753460730675
0.9338805675506592,402,0,0.14588962529029015
0.971900224685669,403,2,0.18346248600806359
0.9999585151672363,403,2,0.19050980193233436
1.0267002582550049,403,2,0.232876783438682
1.0570502281188965,403,2,0.2572608051977152
1.0843985080718994,403,5,0.28407836539363807
1.1097233295440674,404,14,0.3165061531743998
1.1367721557617188,405,43,0.3242134117256237
1.1615920066833496,407,63,0.3156120253551711
1.1880438327789307,409,76,0.30645774629978106
1.2126483917236328,411,78,0.2970493130390697
1.2390389442443848,413,78,0.28793771090933884
1.2639412879943848,415,76,0.27827059349030225
1.2903351783752441,417,76,0.26917973377695326
1.3166685104370117,419,73,0.26087041016590007
1.3422741889953613,421,70,0.25046371831448955
1.3690125942230225,422,66,0.2605015184764312
1.393883228302002,424,66,0.2501003102523409
1.4198832511901855,426,65,0.24201819954717063
1.4487500190734863,428,63,0.24913036532495703
1.4785723686218262,429,59,0.24079696143741458
1.5035121440887451,431,59,0.23733421070233707
1.5296928882598877,432,58,0.24660907141115374
1.5544228553771973,434,56,0.23665179858135055
1.5809564590454102,435,54,0.24563507336792512
1.6066577434539795,437,54,0.23572166955667662
1.632218599319458,438,54,0.2446634595104884
1.657590627670288,439,55,0.23507573547829175
1.6829571723937988,441,53,0.24306337427853908
1.7087411880493164,442,53,0.25098354062090067
1.7341351509094238,444,54,0.24186287858516398
1.7595126628875732,445,55,0.25006890880386834
1.7858541011810303,446,57,0.25815382238439
1.810318946838379,448,59,0.24838656916212987
1.8366317749023438,450,61,0.24004768164726809
1.8684101104736328,452,60,0.24682129304273026
1.8940255641937256,453,58,0.24327056585196427
1.919057846069336,454,57,0.2534518939985251
1.9465041160583496,456,56,0.24349080647145627
1.9711048603057861,457,57,0.25239850256845564
1.9968743324279785,459,57,0.24348335734790538
2.022200107574463,460,57,0.2514943611689038
2.0485682487487793,462,58,0.242042774145375
2.0734968185424805,463,58,0.2501353171204279
2.09981632232666,465,56,0.24062364861496377
2.124856948852539,466,58,0.24932630473393758
2.150958776473999,468,58,0.2397066326121422
2.1769585609436035,469,59,0.24893547853519138
2.2024660110473633,471,57,0.2388411150224048
2.227922201156616,472,58,0.24807663666566881
2.26033091545105,474,58,0.23759198193889297
2.2869036197662354,476,55,0.22938398622395795
2.312197685241699,477,56,0.24299639614236845
2.337989330291748,479,54,0.23481105019244808
2.3634510040283203,480,54,0.24239456950111737
2.389733076095581,481,55,0.2514553303259017
2.4147398471832275,483,55,0.24137741769507137
2.440474271774292,484,59,0.2503451952740061
2.46661376953125,486,55,0.2405831872604871
2.492126941680908,487,59,0.2488082909655187
2.517894744873047,489,58,0.23975605506198505
2.5436220169067383,490,59,0.24781331208732915
2.569061279296875,492,61,0.2388547746853824
2.5958592891693115,493,56,0.24702885681448628
2.620427131652832,495,56,0.23774964642364793
2.6469411849975586,496,55,0.24729463538258578
2.6779980659484863,498,55,0.23650432803740173
2.7038826942443848,499,55,0.23366313453804288
2.729590892791748,501,54,0.24203391199490554
2.75650691986084,502,54,0.25017008556993403
2.780805826187134,504,55,0.24115575822047752
2.8074493408203125,505,57,0.25037983577194467
2.8320133686065674,507,58,0.24019987998926062
2.858412742614746,508,58,0.24903438158247582
2.883103132247925,510,57,0.23861862982506032
2.909550905227661,511,59,0.24760738823895423
2.934404134750366,513,57,0.2375981401589069
2.960418939590454,514,57,0.2466476953104717
2.9868881702423096,516,55,0.23660006183918902
3.0123043060302734,517,54,0.24578336981363158
3.0376241207122803,518,55,0.23737748667804048
3.070250988006592,520,55,0.24431393796302991
3.0959091186523438,522,56,0.23621418428300522
3.121946334838867,523,54,0.25013701519140774
3.1469693183898926,525,55,0.24218031265884576
3.173039197921753,526,59,0.24929963099400432
3.1981041431427,527,57,0.24102893119276558
3.224379539489746,529,60,0.24828772439669855
3.249741554260254,531,57,0.23995885046215903
3.276577949523926,532,59,0.24740289490205392
3.3016374111175537,534,58,0.23879721699717749
3.3287353515625,535,57,0.24743144698394914
3.3539791107177734,537,57,0.2387268253687438
3.379579782485962,538,54,0.24690758321806427
3.4066362380981445,540,55,0.23774710527961673
3.431051015853882,541,55,0.24580913067654464
3.4618051052093506,543,55,0.2548534406193692
3.489439010620117,544,56,0.24468564418421934
3.514904022216797,546,57,0.2420916907513888
3.539714813232422,547,56,0.25024622255700635
3.566631317138672,549,56,0.24096081328311136
3.591036558151245,550,58,0.2483073445241537
3.6174464225769043,552,59,0.24027434804627923
3.642228841781616,553,58,0.24751406776388585
3.668112277984619,555,57,0.2388547456787098
3.6936557292938232,556,57,0.24595952048054492
3.7197272777557373,557,55,0.23756222041380148
3.7448618412017822,559,57,0.24504107396624697
3.7710347175598145,560,55,0.2539862017801653
3.796661138534546,562,55,0.24412691898637284
3.8222460746765137,563,56,0.2529826398331281
3.8475451469421387,565,57,0.24378186915481415
3.8796021938323975,567,61,0.23395691863641233
3.9044039249420166,568,56,0.2489368975245494
3.931028127670288,570,57,0.23925928968803234
3.9568662643432617,571,59,0.24857086685803154
3.9823031425476074,573,59,0.23845623776601954
4.007827281951904,574,62,0.24745119506297186
4.033698558807373,576,57,0.23715417575794717
4.059056043624878,577,56,0.2465162976667159
4.0854082107543945,579,56,0.23639642336596545
4.109915494918823,580,55,0.24530888783454685
4.14648699760437,582,55,0.23608117585679445
4.171976327896118,583,54,0.2358189561275772
4.197588205337524,585,53,0.24435853393844376
4.223020076751709,586,55,0.2524210361725281
4.248598337173462,588,55,0.242860730276929
4.280572175979614,590,58,0.23371193484885922
4.306482315063477,591,57,0.24740802968853437
4.333404302597046,593,56,0.2562053379834115
4.358771800994873,594,57,0.24817162624979794
4.38481593132019,595,58,0.2564694476214573
4.409760236740112,597,60,0.24752306956704473
4.436653137207031,599,58,0.2383168152614097
4.4607837200164795,600,58,0.24597972795692158
4.487740755081177,601,57,0.2550192695281641
4.5125813484191895,603,56,0.24508536171911288
4.538933753967285,605,58,0.25422050914057515
4.563670873641968,606,58,0.24374324538975145
4.590272426605225,608,59,0.23553858753492385
4.614799976348877,609,58,0.24481988554537537
4.640610694885254,610,57,0.25151672615836773
4.672208070755005,612,57,0.2428295090994368
4.698679208755493,614,58,0.23256300737253888
4.723553895950317,615,58,0.24734509884002343
4.7500200271606445,617,56,0.2381703157868298
4.774399518966675,618,56,0.2464004262820243
4.800547361373901,620,55,0.23666798217231388
4.8268678188323975,621,54,0.2457516311806902
4.852546453475952,623,55,0.23579864988531085
4.877928733825684,624,54,0.2451760305831403
4.903888940811157,625,54,0.2520929315446434
4.929582357406616,627,56,0.24398554847008747
4.955448627471924,628,56,0.25100759202497436
4.9819793701171875,630,57,0.24274928998984713
5.00752854347229,631,59,0.2514941461973219
5.0329108238220215,633,58,0.2420678315431779
5.062885761260986,635,60,0.24999205100138333
5.091079950332642,636,58,0.2406076980171612
5.116685390472412,638,59,0.23770976089597617
5.142247915267944,639,59,0.24652757318865426
5.167579889297485,641,57,0.2373065369311167
5.193018436431885,642,57,0.2450278621785067
5.218569993972778,644,55,0.2354358466118871
5.24394154548645,645,56,0.24374010528518042
5.269624948501587,646,55,0.25153367136203997
5.2954261302948,648,55,0.24246856085523305
5.321690320968628,649,59,0.25024162293428986
5.3479163646698,651,56,0.24195351857677672
5.372976779937744,652,58,0.2500391474130339
5.399813175201416,654,58,0.241695253108011
5.424227952957153,655,58,0.23161090317554667
5.450899362564087,657,58,0.24082592082100795
5.4823081493377686,659,56,0.2308288320884948
5.508836984634399,660,56,0.2466366002832725
5.5336761474609375,662,55,0.2371981262815943
5.5599682331085205,663,55,0.24555102234502435
5.586447477340698,665,55,0.23748488568465476
5.612028360366821,666,54,0.2444494703619764
5.636873006820679,667,54,0.25395559709252247
5.663089275360107,669,55,0.24351743398867143
5.688704967498779,670,57,0.2526883441969989
5.714032888412476,672,58,0.24259827221863617
5.740245580673218,673,58,0.2515598509145125
5.766772270202637,675,58,0.24240390292906966
5.791455507278442,676,57,0.2508342850307077
5.821721315383911,678,58,0.24147687334592405
5.85085391998291,680,59,0.23684444106177516
5.907448053359985,683,57,0.2263571637306292
5.952446937561035,686,55,0.22336685976393866
5.977625131607056,687,55,0.2354757032671433
6.018952369689941,689,52,0.23473831530977485
6.044058561325073,691,52,0.2310259403223789
6.07039475440979,692,54,0.24973168634613785
6.095461845397949,693,55,0.25895171078176027
6.122162342071533,695,57,0.24817880799285064
6.147046327590942,697,62,0.25790427981616837
6.17351508140564,698,59,0.24755695419095503
6.198780298233032,699,59,0.2565597793010159
6.224413871765137,701,60,0.2466277788405975
6.250580549240112,703,60,0.2556596910173088
6.2822980880737305,704,58,0.24575582394922435
6.309542417526245,706,60,0.24373335985050026
6.33479380607605,707,58,0.2333221380460877
6.360882759094238,709,58,0.24326194817201774
6.386876821517944,710,56,0.25100353899863315
6.412302494049072,712,56,0.24236591300415533
6.4377899169921875,713,58,0.25076482385335375
6.463848114013672,715,58,0.24094178068358474
6.489558219909668,716,61,0.24959460731952454
6.515888452529907,718,58,0.24017306103696257
6.5408101081848145,720,59,0.23110699685583924
6.567437648773193,721,58,0.2404126135613609
6.591952323913574,722,57,0.24726800252945402
6.618334770202637,724,57,0.2390900475554858
6.6429877281188965,725,56,0.2460648842317088
6.6759562492370605,727,54,0.237707161649098
6.700451135635376,729,54,0.22756201497896278
6.7270002365112305,730,54,0.24329110504263696
6.751830816268921,731,56,0.2512935257947895
6.7780961990356445,733,56,0.24174657133962008
6.803507089614868,734,57,0.2502005568805892
6.829734563827515,736,57,0.24118861371692368
6.854746341705322,737,58,0.24981569114632052
6.88099217414856,739,60,0.23987987598863647
6.906827926635742,740,59,0.2489327690003087
6.932428598403931,742,58,0.23893329608200453
6.957818031311035,743,59,0.24803363439091797
6.983704566955566,745,58,0.23758569612532376
7.009426832199097,746,58,0.24693685077945382
7.0349273681640625,748,56,0.23664102356732464
7.05986475944519,749,55,0.2455966417987252
7.0923261642456055,751,55,0.2358801717338146
7.118673324584961,752,54,0.2509588559136997
7.143844842910767,754,56,0.24027297590616215
7.170011758804321,755,58,0.24990260346068105
7.195433855056763,757,58,0.23971883298073138
7.2217113971710205,758,58,0.2486172307531458
7.247552871704102,760,58,0.2394696274179715
7.272904872894287,761,61,0.24793314970210467
7.298792362213135,763,60,0.23847107226109543
7.32663631439209,765,56,0.22924598288771314
7.351732015609741,766,56,0.23853872498996154
7.376635313034058,767,54,0.2482112678887205
7.402469873428345,769,56,0.23795001137056104
7.428859710693359,770,55,0.2469828772215905
7.453698635101318,772,54,0.23649631514618186
7.486616134643555,773,54,0.24559403085072518
7.511755704879761,775,54,0.23520307462553625
7.538011789321899,776,55,0.25130195190539695
7.563076734542847,778,55,0.2408950216354082
7.589624404907227,779,57,0.2502487988939066
7.614216566085815,781,56,0.2401222488729413
7.640377521514893,782,57,0.2491894469993614
7.6653687953948975,783,59,0.23911272646142656
7.692118167877197,785,59,0.24745656261885252
7.717038154602051,786,57,0.23858361748680146
7.743098497390747,788,56,0.24667902148480358
7.768733739852905,789,55,0.2548640708685461
7.794195890426636,791,53,0.2455734163859109
7.819586992263794,792,59,0.25380519581115735
7.846548557281494,794,55,0.24463994950112955
7.87763237953186,796,57,0.25375268557615804
7.903740406036377,797,56,0.24472166892616265
7.92964506149292,799,58,0.2419713129054415
7.956826210021973,800,57,0.24954171919226198
7.9816224575042725,802,56,0.24102091830154393
8.007953643798828,803,58,0.24994363476902848
8.032519817352295,805,57,0.2404262442176659
8.058940410614014,806,59,0.2487912996286319
8.085447788238525,808,58,0.23918807838879452
8.110157251358032,809,59,0.24774386866304
8.135987043380737,811,56,0.23930770636790477
8.160455226898193,812,55,0.24578901658538754
8.185112237930298,813,55,0.254634008596085
8.211098909378052,815,55,0.24381151474272045
8.237726211547852,816,55,0.2526746265654296
8.262426614761353,818,56,0.24255880538052388
8.294367551803589,819,57,0.2515962011845545
8.320853233337402,821,59,0.24786522954798862
8.34704852104187,823,59,0.2561899922190847
8.37185263633728,824,58,0.2473480415023186
8.398372650146484,826,59,0.2386860968127742
8.422579526901245,827,59,0.24580231570640443
8.44899868965149,829,57,0.2548187306754741
8.474250078201294,830,56,0.24457702448080276
8.501005172729492,831,58,0.25394820629557735
8.526658058166504,833,57,0.24424008088093352
8.55224061012268,834,59,0.25314491595498545
8.57762885093689,836,57,0.24349401099932777
8.603545904159546,837,60,0.23417140842709117
8.628962993621826,839,57,0.2424978400282427
8.654412984848022,840,57,0.25066643853002724
8.686914920806885,842,56,0.24143181241348088
8.712414979934692,844,61,0.23229255372857516
8.737886905670166,845,58,0.24779156986341633
8.763832092285156,847,58,0.237369142385786
8.78956651687622,848,53,0.24674390047924533
8.815497159957886,850,54,0.23628642547048706
8.84078860282898,851,55,0.2457067215125548
8.86757755279541,852,56,0.23655506506153579
8.892109870910645,854,53,0.24462662720162776
8.918020963668823,855,55,0.2528135839340031
8.943469524383545,857,55,0.24341039588203195
8.96958875656128,858,58,0.25154251634121394
8.994793891906738,860,58,0.2426013834955416
9.020981550216675,861,59,0.2505985590389521
9.046667098999023,863,58,0.24218766911320166
9.07784366607666,864,59,0.24958784453454186
9.104859113693237,866,59,0.24095760951601797
9.129788160324097,868,60,0.2374109354410976
9.164142370223999,870,56,0.22849364445333542
9.189693689346313,871,55,0.2446201782883719
9.21888279914856,873,55,0.23557247233784118
9.243890047073364,874,57,0.2471294756858171
9.26990032196045,875,55,0.238099651128719
9.29492998123169,877,56,0.2472536336179303
9.322073936462402,878,54,0.25422751661983867
9.34691309928894,880,55,0.24555937304723763
9.373064041137695,881,60,0.2536609759282946
9.398869514465332,883,59,0.24506388109226585
9.424365520477295,884,58,0.25243187000542733
9.449729442596436,886,59,0.24405054398348547
9.478110551834106,887,59,0.25141519503653953
9.508719205856323,889,60,0.2429022619589336
9.533807039260864,891,58,0.23951079837900835
9.559835195541382,892,57,0.24880473257415225
9.5848228931427,894,56,0.23827811617745454
9.610467433929443,895,58,0.24727092770719317
9.635895013809204,897,59,0.23725858018561752
9.66175651550293,898,56,0.2453935616677505
9.686759233474731,900,55,0.23624977302984007
9.712605714797974,901,55,0.24411104998316446
9.738515853881836,902,54,0.2523847910783328
9.764095067977905,904,56,0.24327604997155206
9.789563655853271,905,58,0.2515514599967741
9.815400838851929,907,58,0.24216734543113105
9.840293884277344,908,58,0.24972940706768298
9.866697311401367,910,58,0.2413859895998165
9.898529291152954,912,61,0.23070392428954456
9.924049615859985,913,58,0.24608420797199315
9.949580669403076,915,56,0.23662832941404055
9.97661828994751,916,56,0.24509113644243818
10.001420736312866,918,55,0.23550579659603343
