0.02053546905517578,1,74,6.28
0.0449984073638916,9,285,6.245093414960114
0.07099461555480957,20,486,6.1054670748005675
0.0952765941619873,35,593,5.878574272041305
0.1214456558227539,53,683,5.6167748842421545
0.14559316635131836,70,739,5.320068911403119
0.1720569133758545,90,779,4.971003061004253
0.19668102264404297,111,805,4.621937210605387
0.2275094985961914,134,828,4.272871360206521
0.25481414794921875,158,846,3.784179169648109
0.2809784412384033,180,857,3.435113319249243
0.30518412590026855,203,862,3.0511408838104908
0.33109354972839355,224,870,2.6846217408916813
0.3579437732696533,248,879,2.2482894278930994
0.383115291595459,269,882,1.899223577494233
0.4085366725921631,292,880,1.4977978495355373
0.43349480628967285,315,880,1.1312787066167278
0.45819950103759766,335,827,0.7298529786580321
0.48459887504577637,354,718,0.3633338357392235
0.5097715854644775,369,570,0.03172127786030021
0.5353825092315674,379,379,-0.19517152489896272
0.5609512329101562,385,236,-0.3522511575784524
0.5865871906280518,386,140,-0.43951762017816876
0.611792802810669,384,-53,-0.45697091269811185
0.643622636795044,379,-168,-0.40461103513828167
0.6682310104370117,375,-198,-0.3173445725385653
0.6946136951446533,369,-197,-0.23007810993884892
0.7202367782592773,365,-168,-0.14281164733913254
0.7459225654602051,362,-134,-0.07299847725935926
0.770925760269165,360,-83,-0.02063859969952908
0.7976582050323486,359,-62,0.014267985340357114
0.822101354598999,358,-42,0.014267985340357114
0.8481309413909912,358,-42,0.03172127786030021
0.8732445240020752,359,-5,0.03172127786030021
0.8995273113250732,359,-5,0.014267985340357114
0.9236602783203125,359,0,0.014267985340357114
0.9591934680938721,359,0,0.014267985340357114
0.9848690032958984,359,3,0.014267985340357114
1.0102508068084717,359,3,0.014267985340357114
1.0432448387145996,359,3,0.014267985340357114
1.0686132907867432,359,0,0.014267985340357114
1.0936870574951172,359,0,0.014267985340357114
1.1189775466918945,359,0,0.014267985340357114
1.14485764503479,359,0,0.014267985340357114
1.1699299812316895,359,0,0.014267985340357114
1.1960155963897705,359,0,0.014267985340357114
1.2209808826446533,359,0,0.014267985340357114
1.247182846069336,359,0,0.014267985340357114
1.2715139389038086,359,0,0.014267985340357114
1.2980060577392578,359,0,0.014267985340357114
1.3222181797027588,359,0,0.014267985340357114
1.3486998081207275,359,0,0.014267985340357114
1.3736073970794678,359,0,0.014267985340357114
1.3997077941894531,359,0,0.014267985340357114
1.4287948608398438,359,0,0.014267985340357114
1.456538438796997,359,0,0.014267985340357114
1.4813988208770752,359,0,0.014267985340357114
1.5076873302459717,359,0,0.014267985340357114
1.5321111679077148,359,0,0.014267985340357114
1.5585408210754395,359,0,0.014267985340357114
1.582902431488037,359,0,0.014267985340357114
1.6087636947631836,359,0,0.014267985340357114
1.632903814315796,359,0,0.014267985340357114
1.6588008403778076,359,0,0.014267985340357114
1.683030605316162,359,0,0.014267985340357114
1.7093374729156494,359,0,0.014267985340357114
1.7336726188659668,359,0,0.014267985340357114
1.7600040435791016,359,0,0.014267985340357114
1.7846291065216064,359,0,0.014267985340357114
1.810218334197998,359,0,0.014267985340357114
1.8427996635437012,359,0,0.014267985340357114
1.867722749710083,359,0,0.014267985340357114
1.893014669418335,359,0,0.014267985340357114
1.9186286926269531,359,0,0.014267985340357114
1.9435501098632812,359,0,0.014267985340357114
1.9688222408294678,359,0,0.014267985340357114
1.9936375617980957,359,0,0.014267985340357114
2.0188231468200684,359,0,0.014267985340357114
2.043604612350464,359,0,0.014267985340357114
2.068751811981201,359,0,0.014267985340357114
2.0930075645446777,359,0,0.014267985340357114
2.1194727420806885,359,0,0.014267985340357114
2.1435728073120117,359,0,0.014267985340357114
2.1698319911956787,359,0,0.014267985340357114
2.194265365600586,359,0,0.014267985340357114
2.2207109928131104,359,0,0.014267985340357114
2.252133846282959,359,0,0.014267985340357114
2.2779974937438965,359,0,0.014267985340357114
2.3031885623931885,359,0,0.014267985340357114
2.3280417919158936,359,0,0.014267985340357114
2.3549797534942627,359,0,0.014267985340357114
2.3802249431610107,359,0,0.014267985340357114
2.4059150218963623,359,0,0.014267985340357114
2.4301834106445312,359,0,0.014267985340357114
2.4559485912323,359,0,0.014267985340357114
2.4802310466766357,359,0,0.014267985340357114
2.5066440105438232,359,0,0.014267985340357114
2.531369924545288,359,0,0.014267985340357114
2.557709217071533,359,0,0.014267985340357114
2.5817039012908936,359,0,0.014267985340357114
2.6076817512512207,359,0,0.014267985340357114
2.638152599334717,359,0,0.014267985340357114
2.663193464279175,359,0,0.014267985340357114
2.6886157989501953,359,0,0.014267985340357114
2.7134296894073486,359,0,0.014267985340357114
2.738128662109375,359,0,0.014267985340357114
2.764148712158203,359,0,0.014267985340357114
2.7895867824554443,359,0,0.014267985340357114
2.8148393630981445,359,0,0.014267985340357114
2.8440768718719482,359,0,0.014267985340357114
2.8762667179107666,359,0,0.014267985340357114
2.92120623588562,359,0,0.014267985340357114
2.9678070545196533,359,0,0.014267985340357114
2.9929070472717285,359,0,0.014267985340357114
3.0413475036621094,359,0,0.014267985340357114
3.068175792694092,359,0,0.014267985340357114
3.092158079147339,359,0,0.014267985340357114
3.1181933879852295,359,0,0.014267985340357114
3.1422181129455566,359,0,0.014267985340357114
3.168090581893921,359,0,0.014267985340357114
3.1929264068603516,359,0,0.014267985340357114
3.21903657913208,359,0,0.014267985340357114
3.243436813354492,359,0,0.014267985340357114
3.269343852996826,359,0,0.014267985340357114
3.293635368347168,359,0,0.014267985340357114
3.31965970993042,359,0,0.014267985340357114
3.3441104888916016,359,0,0.014267985340357114
3.370957136154175,359,0,0.014267985340357114
3.3954224586486816,359,0,0.014267985340357114
3.4211721420288086,359,0,0.014267985340357114
3.452932596206665,359,0,0.014267985340357114
3.4790053367614746,359,0,0.014267985340357114
3.503389358520508,359,0,0.014267985340357114
3.529280662536621,359,0,0.014267985340357114
3.554584503173828,359,0,0.014267985340357114
3.580716609954834,359,0,0.014267985340357114
3.605161428451538,359,0,0.014267985340357114
3.6310906410217285,359,0,0.014267985340357114
3.6560049057006836,359,0,0.014267985340357114
3.6821038722991943,359,0,0.014267985340357114
3.706676721572876,359,0,0.014267985340357114
3.7331278324127197,359,0,0.014267985340357114
3.757817268371582,359,0,0.014267985340357114
3.783318519592285,359,0,0.014267985340357114
3.808565616607666,359,0,0.014267985340357114
3.8393394947052,359,0,0.014267985340357114
3.865009307861328,359,0,0.014267985340357114
3.8909385204315186,359,0,0.014267985340357114
3.915314197540283,359,0,0.014267985340357114
3.9415290355682373,359,0,0.014267985340357114
3.9659554958343506,359,0,0.014267985340357114
3.991485357284546,359,0,0.014267985340357114
4.015603065490723,359,0,0.014267985340357114
4.041134834289551,359,0,0.014267985340357114
4.066030740737915,359,0,0.014267985340357114
4.091618299484253,359,0,0.014267985340357114
4.116020917892456,359,0,0.014267985340357114
4.14210319519043,359,0,0.014267985340357114
4.1666765213012695,359,0,0.014267985340357114
4.193165302276611,359,0,0.014267985340357114
4.2181010246276855,359,0,0.014267985340357114
4.250131368637085,359,0,0.014267985340357114
4.27461838722229,359,0,0.014267985340357114
4.300794839859009,359,0,0.014267985340357114
4.325584888458252,359,0,0.014267985340357114
4.352838754653931,359,0,0.014267985340357114
4.378069877624512,359,0,0.014267985340357114
4.403302907943726,359,0,0.014267985340357114
4.428036451339722,359,0,0.014267985340357114
4.4537153244018555,359,0,0.014267985340357114
4.479324579238892,359,0,0.014267985340357114
4.504629135131836,359,0,0.014267985340357114
4.529273509979248,359,0,0.014267985340357114
4.555193662643433,359,0,0.014267985340357114
4.580693960189819,359,0,0.014267985340357114
4.605599880218506,359,0,0.014267985340357114
4.630236864089966,359,0,0.014267985340357114
4.662275075912476,359,0,0.014267985340357114
4.686663627624512,359,0,0.014267985340357114
4.712905406951904,359,0,0.014267985340357114
4.738214015960693,359,0,0.014267985340357114
4.763394355773926,359,0,0.014267985340357114
4.788172245025635,359,0,0.014267985340357114
4.814098596572876,359,0,0.014267985340357114
4.839214086532593,359,0,0.014267985340357114
4.865002393722534,359,0,0.014267985340357114
4.889925479888916,359,0,0.014267985340357114
4.915358781814575,359,0,0.014267985340357114
4.94066858291626,359,0,0.014267985340357114
4.966168165206909,359,0,0.014267985340357114
4.9910523891448975,359,0,0.014267985340357114
5.017681837081909,359,0,0.014267985340357114
5.049862861633301,359,0,0.014267985340357114
5.074200391769409,359,0,0.014267985340357114
5.1007630825042725,359,0,0.014267985340357114
5.125055551528931,359,0,0.014267985340357114
5.150994300842285,359,0,0.014267985340357114
5.1752355098724365,359,0,0.014267985340357114
5.201524496078491,359,0,0.014267985340357114
5.226017475128174,359,0,0.014267985340357114
5.251272916793823,359,0,0.014267985340357114
5.277108669281006,359,0,0.014267985340357114
5.302244424819946,359,0,0.014267985340357114
5.327822208404541,359,0,0.014267985340357114
5.353663682937622,359,0,0.014267985340357114
5.378799915313721,359,0,0.014267985340357114
5.403635263442993,359,0,0.014267985340357114
5.428523778915405,359,0,0.014267985340357114
5.4606335163116455,359,0,0.014267985340357114
5.485170602798462,359,0,0.014267985340357114
5.5114219188690186,359,0,0.014267985340357114
5.535922288894653,359,0,0.014267985340357114
5.561561346054077,359,0,0.014267985340357114
5.585591077804565,359,0,0.014267985340357114
5.611199378967285,359,0,0.014267985340357114
5.636084794998169,359,0,0.014267985340357114
5.661567687988281,359,0,0.014267985340357114
5.686036586761475,359,0,0.014267985340357114
5.711773872375488,359,0,0.014267985340357114
5.736102342605591,359,0,0.014267985340357114
5.761739730834961,359,0,0.014267985340357114
5.7859766483306885,359,0,0.014267985340357114
5.811396837234497,359,0,0.014267985340357114
5.841112852096558,359,0,0.014267985340357114
5.869221448898315,359,0,0.014267985340357114
5.89416766166687,359,0,0.014267985340357114
5.9201719760894775,359,0,0.014267985340357114
5.944899797439575,359,0,0.014267985340357114
5.977932453155518,359,0,0.014267985340357114
6.002878427505493,359,0,0.014267985340357114
6.029006004333496,359,0,0.014267985340357114
6.0534586906433105,359,0,0.014267985340357114
6.079549312591553,359,0,0.014267985340357114
6.103636741638184,359,0,0.014267985340357114
6.129849910736084,359,0,0.014267985340357114
6.1541619300842285,359,0,0.014267985340357114
6.1807475090026855,359,0,0.014267985340357114
6.205034971237183,359,0,0.014267985340357114
6.2310380935668945,359,0,0.014267985340357114
6.261791944503784,359,0,0.014267985340357114
6.288196325302124,359,0,0.014267985340357114
6.313303709030151,359,0,0.014267985340357114
6.339227914810181,359,0,0.014267985340357114
6.364855051040649,359,0,0.014267985340357114
6.390856742858887,359,0,0.014267985340357114
6.415180206298828,359,0,0.014267985340357114
6.440907716751099,359,0,0.014267985340357114
6.4653801918029785,359,0,0.014267985340357114
6.491147041320801,359,0,0.014267985340357114
6.516120910644531,359,0,0.014267985340357114
6.5421247482299805,359,0,0.014267985340357114
6.566680908203125,359,0,0.014267985340357114
6.5930070877075195,359,0,0.014267985340357114
6.61781907081604,359,0,0.014267985340357114
6.650005578994751,359,0,0.014267985340357114
6.675544500350952,359,0,0.014267985340357114
6.700774908065796,359,0,0.014267985340357114
6.726587295532227,359,0,0.014267985340357114
6.751972913742065,359,0,0.014267985340357114
6.7780749797821045,359,0,0.014267985340357114
6.802273750305176,359,0,0.014267985340357114
6.828660726547241,359,0,0.014267985340357114
6.852940559387207,359,0,0.014267985340357114
6.8790199756622314,359,0,0.014267985340357114
6.903481483459473,359,0,0.014267985340357114
6.929473400115967,359,0,0.014267985340357114
6.954641819000244,359,0,0.014267985340357114
6.980091571807861,359,0,0.014267985340357114
7.005212306976318,359,0,0.014267985340357114
7.0311315059661865,359,0,0.014267985340357114
7.06287956237793,359,0,0.014267985340357114
7.089487314224243,359,0,0.014267985340357114
7.11366868019104,359,0,0.014267985340357114
7.139894723892212,359,0,0.014267985340357114
7.16420841217041,359,0,0.014267985340357114
7.190074920654297,359,0,0.014267985340357114
7.215173006057739,359,0,0.014267985340357114
7.2414634227752686,359,0,0.014267985340357114
7.2655720710754395,359,0,0.014267985340357114
7.291471004486084,359,0,0.014267985340357114
7.316046714782715,359,0,0.014267985340357114
7.341608047485352,359,0,0.014267985340357114
7.391306400299072,359,0,0.014267985340357114
7.45657205581665,359,0,0.014267985340357114
7.520070314407349,359,0,0.014267985340357114
7.604963302612305,359,0,0.014267985340357114
7.630202054977417,359,0,0.014267985340357114
7.655542373657227,359,0,0.014267985340357114
7.680143356323242,359,0,0.014267985340357114
7.705589532852173,359,0,0.014267985340357114
7.730796813964844,359,0,0.014267985340357114
7.755915403366089,359,0,0.014267985340357114
7.780761003494263,359,0,0.014267985340357114
7.806609392166138,359,0,0.014267985340357114
7.832011938095093,359,0,0.014267985340357114
7.867745399475098,359,0,0.014267985340357114
7.893270254135132,359,0,0.014267985340357114
7.918105602264404,359,0,0.014267985340357114
7.945923089981079,359,0,0.014267985340357114
7.970780849456787,359,0,0.014267985340357114
7.996670722961426,359,0,0.014267985340357114
8.021315574645996,359,0,0.014267985340357114
8.047661542892456,359,0,0.014267985340357114
8.072078227996826,359,0,0.014267985340357114
8.098028182983398,359,0,0.014267985340357114
8.1229088306427,359,0,0.014267985340357114
8.148820877075195,359,0,0.014267985340357114
8.17314863204956,359,0,0.014267985340357114
8.198811292648315,359,0,0.014267985340357114
8.223349332809448,359,0,0.014267985340357114
8.255191564559937,359,0,0.014267985340357114
8.280696630477905,359,0,0.014267985340357114
8.30658769607544,359,0,0.014267985340357114
8.331433534622192,359,0,0.014267985340357114
8.358290433883667,359,0,0.014267985340357114
8.382907390594482,359,0,0.014267985340357114
8.408692836761475,359,0,0.014267985340357114
8.43289303779602,359,0,0.014267985340357114
8.458751916885376,359,0,0.014267985340357114
8.483176946640015,359,0,0.014267985340357114
8.509589672088623,359,0,0.014267985340357114
8.533634901046753,359,0,0.014267985340357114
8.559278726577759,359,0,0.014267985340357114
8.584202766418457,359,0,0.014267985340357114
8.61010479927063,359,0,0.014267985340357114
8.634960174560547,359,0,0.014267985340357114
8.667949438095093,359,0,0.014267985340357114
8.692202091217041,359,0,0.014267985340357114
8.718228101730347,359,0,0.014267985340357114
8.742808103561401,359,0,0.014267985340357114
8.768620729446411,359,0,0.014267985340357114
8.792846202850342,359,0,0.014267985340357114
8.818599700927734,359,0,0.014267985340357114
8.842864274978638,359,0,0.014267985340357114
8.869088649749756,359,0,0.014267985340357114
8.89359188079834,359,0,0.014267985340357114
8.919747114181519,359,0,0.014267985340357114
8.944027185440063,359,0,0.014267985340357114
8.970582246780396,359,0,0.014267985340357114
8.994905471801758,359,0,0.014267985340357114
9.020954132080078,359,0,0.014267985340357114
9.050791501998901,359,0,0.014267985340357114
9.078766345977783,359,0,0.014267985340357114
9.103059768676758,359,0,0.014267985340357114
9.129725217819214,359,0,0.014267985340357114
9.153755903244019,359,0,0.014267985340357114
9.180062532424927,359,0,0.014267985340357114
9.20466160774231,359,0,0.014267985340357114
9.230890274047852,359,0,0.014267985340357114
9.255183458328247,359,0,0.014267985340357114
9.281195402145386,359,0,0.014267985340357114
9.305926084518433,359,0,0.014267985340357114
9.331103801727295,359,0,0.014267985340357114
9.358031272888184,359,0,0.014267985340357114
9.38336992263794,359,0,0.014267985340357114
9.408833503723145,359,0,0.014267985340357114
9.43367862701416,359,0,0.014267985340357114
9.465389490127563,359,0,0.014267985340357114
9.491341829299927,359,0,0.014267985340357114
9.51539397239685,359,0,0.014267985340357114
9.541126012802124,359,0,0.014267985340357114
9.56606674194336,359,0,0.014267985340357114
9.592222213745117,359,0,0.014267985340357114
9.617643356323242,359,0,0.014267985340357114
9.643210649490356,359,0,0.014267985340357114
9.66860055923462,359,0,0.014267985340357114
9.693544864654541,359,0,0.014267985340357114
9.718791961669922,359,0,0.014267985340357114
9.743702411651611,359,0,0.014267985340357114
9.768939018249512,359,0,0.014267985340357114
9.794628858566284,359,0,0.014267985340357114
9.81974196434021,359,0,0.014267985340357114
9.85016679763794,359,0,0.014267985340357114
9.877848863601685,359,0,0.014267985340357114
9.902206182479858,359,0,0.014267985340357114
9.92805004119873,359,0,0.014267985340357114
9.953144788742065,359,0,0.014267985340357114
9.9791419506073,359,0,0.014267985340357114
10.00350308418274,359,0,0.014267985340357114
