0.021579265594482422,2,53,6.28
0.04614877700805664,10,299,6.215490451212341
0.07993698120117188,26,525,6.085161144689468
0.10451459884643555,41,634,5.795739714260908
0.1301898956298828,59,699,5.550161750891279
0.1552870273590088,77,753,5.225574812845928
0.18186306953430176,99,787,4.937693566438365
0.20654988288879395,119,814,4.595535795513575
0.23273825645446777,140,833,4.290387223077767
0.2575111389160156,162,845,3.8962419844137033
0.2839515209197998,185,855,3.57366205396723
0.3106043338775635,207,869,3.179648183940251
0.33565330505371094,230,862,2.8402799103909486
0.36147046089172363,252,871,2.4644260055523697
0.3869163990020752,273,871,2.1055263831476747
0.4119884967803955,296,872,1.7299225793985737
0.43798279762268066,319,873,1.3887778490163862
0.46608495712280273,345,878,1.013074624719799
0.49616503715515137,370,862,0.5147796897587078
0.5219078063964844,390,791,0.19952326280649668
0.547459602355957,408,642,-0.1596076256199268
0.5728676319122314,420,476,-0.3773988979773799
0.5998754501342773,428,280,-0.544253174855081
0.6246442794799805,430,175,-0.6226972952091163
0.650937557220459,428,-54,-0.6144190241609442
0.6754238605499268,423,-189,-0.519262435959833
0.7019367218017578,416,-271,-0.4064017388935639
0.7267858982086182,409,-287,-0.25880659500151904
0.7529888153076172,402,-269,-0.09337358942144025
0.7773158550262451,396,-214,0.03716832832639305
0.8039934635162354,393,-146,0.14929159672750103
0.8296959400177002,391,-75,0.2282926047347189
0.8555088043212891,391,-22,0.2705864905926747
0.8881573677062988,393,74,0.27987470274192106
0.9131531715393066,396,98,0.276208819377449
0.9395556449890137,400,131,0.25055516053710214
0.9646637439727783,403,146,0.20462008799150855
0.9908881187438965,407,147,0.16191654086705753
1.015937089920044,411,137,0.11658943569817293
1.0426430702209473,414,117,0.0908950072807988
1.067091703414917,416,93,0.08081995567291944
1.0934293270111084,418,66,0.07236686565866712
1.1180925369262695,419,58,0.06251545067798503
1.1447720527648926,420,48,0.07079324488899896
1.1700620651245117,421,34,0.07919883145841045
1.1954801082611084,421,31,0.0873574163798736
1.2210617065429688,422,27,0.11277498267931207
1.2467663288116455,423,28,0.12067440660529183
1.2790393829345703,424,38,0.12905829708400596
1.3055953979492188,425,47,0.12025520859563255
1.3315205574035645,427,51,0.13583981700037207
1.3570339679718018,428,55,0.14362480000838307
1.3820602893829346,430,56,0.13538914773827138
1.4089901447296143,432,62,0.14243455631390933
1.4339861869812012,433,63,0.13421964646018036
1.4605724811553955,435,68,0.12520365018066926
1.4850959777832031,436,64,0.13312143233723983
1.5112652778625488,438,64,0.12384794399229992
1.5367426872253418,440,65,0.11465170326698804
1.5628280639648438,441,61,0.12309925150632228
1.5875117778778076,443,61,0.11415406554480523
1.6141417026519775,444,57,0.1042189656428576
1.6397373676300049,446,55,0.11329665418675727
1.6705689430236816,447,53,0.12069134598077902
1.697861671447754,449,52,0.11200269841037436
1.7228374481201172,450,56,0.12614463599297032
1.7495691776275635,452,53,0.11674240161531557
1.7737021446228027,453,56,0.12463491140250138
1.800002098083496,455,56,0.11607739405060347
1.8252122402191162,456,59,0.12292706097279904
1.851670742034912,458,58,0.11484804970915707
1.876650094985962,459,55,0.12192779056018566
1.9030101299285889,460,55,0.11365041503873208
1.9272818565368652,462,54,0.12105631250597071
1.9531323909759521,463,54,0.12997473743903143
1.9790089130401611,465,56,0.11967795655258584
2.0048961639404297,466,58,0.12810428553838094
2.0301384925842285,468,58,0.1192990512827965
2.05610990524292,469,57,0.12731839975406345
2.0873396396636963,471,58,0.11823135473798096
2.114114999771118,473,62,0.11384592410177952
2.1396403312683105,474,56,0.12302064900737442
2.1655709743499756,476,56,0.11467317842366498
2.1910762786865234,477,55,0.12293905170572295
2.2170794010162354,479,55,0.11330316712054866
2.24263858795166,480,57,0.12162959872169843
2.268054723739624,481,54,0.12976601071530602
2.2927160263061523,483,55,0.12045342172339168
2.3206522464752197,484,57,0.12901016567195533
2.3452608585357666,486,57,0.12000442139134648
2.3718960285186768,487,61,0.12881484270807242
2.3970348834991455,489,59,0.11978978652255634
2.423468589782715,490,60,0.12812623170402837
2.4485878944396973,492,59,0.11995519086885409
2.4810216426849365,494,60,0.12684610420523335
2.505528211593628,495,59,0.11871344876129442
2.5320701599121094,497,58,0.11465441315988478
2.5569472312927246,498,57,0.12276269176115662
2.5830767154693604,500,57,0.11358838554512296
2.608578681945801,501,56,0.12290115480801589
2.6350905895233154,503,57,0.11247538947027813
2.660529851913452,504,54,0.12182988198451561
2.6856300830841064,506,53,0.11143368055058467
2.711441993713379,507,54,0.12040408073388953
2.736907958984375,508,51,0.12736961908552757
2.7631874084472656,510,53,0.11904146040672536
2.7875115871429443,511,56,0.12604299996380774
2.8128256797790527,513,57,0.11746211759115788
2.839607000350952,514,57,0.12493238807475393
2.8651394844055176,515,58,0.11575784344014117
2.897001266479492,518,61,0.12420133856363158
2.9233405590057373,519,58,0.12193687960711763
2.9485058784484863,520,59,0.11163366141903808
2.9747846126556396,522,58,0.12071921777604722
3.0001275539398193,523,54,0.1289610107816177
3.0255489349365234,525,55,0.11955877640396295
3.0515410900115967,526,56,0.12766157137791545
3.0770843029022217,528,58,0.11809983497084175
3.1027345657348633,529,56,0.12653975381564386
3.12894344329834,531,57,0.11726602705212485
3.1633949279785156,533,61,0.10809863497488514
3.189685583114624,534,56,0.12697246609690893
3.2147724628448486,536,55,0.11745245294117801
3.241131067276001,537,56,0.1256627746943053
3.2665984630584717,539,58,0.11655951721484392
3.3006701469421387,541,59,0.10764484883145187
3.3261616230010986,542,57,0.12197537551011628
3.351806879043579,544,53,0.11391734508143614
3.377136468887329,545,53,0.12217082059738082
3.40268611907959,546,53,0.11293023401635693
3.4284613132476807,548,55,0.12088973942427117
3.4533889293670654,549,53,0.12873480391421488
3.4799585342407227,551,54,0.12020851939617927
3.5047473907470703,552,57,0.12695042112062005
3.5297398567199707,554,57,0.13635736572225987
3.5556845664978027,555,61,0.1259559190795887
3.5821216106414795,557,60,0.11775602959634313
3.6069703102111816,558,61,0.1246490886999343
3.633035182952881,560,61,0.11644896079810962
3.657987356185913,561,60,0.1234986609081723
3.690150737762451,563,60,0.11489846663061343
3.7154412269592285,565,56,0.10494858477676239
3.741954803466797,566,56,0.12017246587132213
3.7667396068573,567,53,0.10991311670179549
3.7932817935943604,569,52,0.11917224178439234
3.817882537841797,570,53,0.12623982328788586
3.844114065170288,572,52,0.1353468373170159
3.86995267868042,573,55,0.12528108403371974
3.89556622505188,575,60,0.13404692107615546
3.920991897583008,576,60,0.12491362285572549
3.9469871520996094,578,63,0.11541625946500922
3.972749710083008,579,63,0.12379061320056017
3.9984822273254395,581,60,0.11459914084682943
4.024088382720947,582,55,0.12273459916612062
4.050176382064819,584,56,0.1148181893734268
4.082501649856567,586,55,0.12301539810470352
4.1081626415252686,587,54,0.11385921170068158
4.133412599563599,588,53,0.12856143294416533
4.159024238586426,590,54,0.11951897220237484
4.184646368026733,591,57,0.12753355230205976
4.211048603057861,593,57,0.1181441925276765
4.236067056655884,594,58,0.12615424267435849
4.262728452682495,596,57,0.11713347802326624
4.287262678146362,597,58,0.1257681848471961
4.351063966751099,601,58,0.09856408998695088
4.417111396789551,605,55,0.07820894679316304
4.504905939102173,608,38,0.08522411691705045
4.552160978317261,609,30,0.09913220658134136
4.576960325241089,610,29,0.16878752612194425
4.603408336639404,611,33,0.19629387759289152
4.628526449203491,613,55,0.18594607513051997
4.65510368347168,615,78,0.19513105203501446
4.680135250091553,617,89,0.18615773268116342
4.7065370082855225,619,93,0.1593036362950393
4.732051372528076,622,93,0.15034557573025076
4.757472991943359,624,88,0.14106684217657062
4.786886215209961,627,84,0.11441015637394258
4.827256679534912,630,73,0.08748739543703721
4.8824462890625,633,56,0.07014786928711914
4.920594692230225,634,45,0.06437235947936415
4.9450905323028564,635,37,0.10066624408344538
5.011053085327148,637,29,0.11061678304543499
5.036785364151001,638,35,0.144743442765483
5.0631186962127686,639,40,0.16749682100664742
5.087262392044067,641,52,0.1570464985552622
5.1130547523498535,642,67,0.1658833843342684
5.1395721435546875,644,73,0.15551388578119862
5.1648945808410645,646,79,0.1468013963528847
5.190150737762451,648,80,0.13765140883191762
5.216587066650391,650,77,0.12837219844107928
5.242033243179321,652,76,0.11928920654084152
5.268019914627075,654,70,0.11000880405710767
5.315944194793701,657,57,0.10088385048694803
5.370003938674927,660,53,0.08080894797899774
5.434197425842285,663,42,0.08302522894272713
5.511128187179565,665,31,0.08820433758895163
5.556150436401367,666,29,0.11766600053490528
5.582745552062988,667,30,0.18059028675031286
5.607286214828491,669,40,0.18796518980227006
5.633477449417114,670,63,0.1970218975112079
5.658555269241333,673,86,0.1869096526049887
5.690726041793823,675,97,0.17788793427958005
5.717054843902588,678,99,0.1516241622953114
5.743258476257324,681,100,0.13201250708655543
5.768563270568848,683,92,0.10638245168553873
5.794817924499512,685,79,0.09559262117751288
5.82047963142395,687,69,0.08770124533562473
5.84572172164917,688,55,0.09474426972547079
5.872908353805542,689,50,0.08643971448599963
5.899780750274658,691,45,0.09341645851085545
5.924509763717651,692,38,0.10392179750641617
5.950719118118286,692,36,0.11248497875661378
5.975383520126343,694,40,0.12054676573496081
6.001771926879883,695,44,0.12880739380828032
6.027966260910034,696,49,0.13673614321948868
6.052855014801025,698,56,0.12759807662747846
6.083418607711792,699,61,0.13609760011705596
6.109931707382202,701,63,0.12618157370143734
6.136123895645142,703,62,0.12311388255193201
6.1616387367248535,704,63,0.13131872067773998
6.187109708786011,706,61,0.12209148553714577
6.212701797485352,707,61,0.12999591625328577
6.239013910293579,709,58,0.12100400025026481
6.26403546333313,711,59,0.11144274068034932
6.290714979171753,712,59,0.12072999915527838
6.316553115844727,714,55,0.11050665119119785
6.342883348464966,715,53,0.1203453718395906
6.367279052734375,716,52,0.12773744102924134
6.393684148788452,718,53,0.11925884022702604
6.4199559688568115,719,56,0.12673364066362502
6.445542335510254,721,57,0.11839451473018414
6.471036672592163,722,58,0.12689737607986906
6.5030481815338135,724,58,0.11725219317010982
6.528610944747925,726,59,0.13343380169691876
6.555301666259766,727,59,0.12296392892204722
6.580630540847778,729,61,0.11514384023531044
6.605933666229248,730,58,0.12218400360220727
6.631528854370117,732,57,0.11350489277496756
6.657120704650879,733,55,0.12075891760732027
6.6826863288879395,734,58,0.1295841208759505
6.709536552429199,736,56,0.11934742147144028
6.73394775390625,737,55,0.1284756547541086
6.760098218917847,739,57,0.11936119160142944
6.784672021865845,740,58,0.12733047217108506
6.811510324478149,742,57,0.11769887912033461
6.836512804031372,743,59,0.1256343042517578
6.8626868724823,745,58,0.116788300419147
6.894982576370239,747,59,0.12542133831302316
6.920591831207275,748,57,0.11575064461529827
6.946091651916504,750,61,0.11282862721762399
6.971655368804932,751,58,0.12100413985820424
6.996816396713257,753,57,0.11177976574055748
7.02207350730896,754,56,0.1196768054807471
7.048182487487793,756,55,0.11061694018268042
7.07397723197937,757,56,0.1183995390049013
7.100009918212891,758,53,0.11016317147905319
7.125267028808594,760,51,0.11744103816931428
7.151622295379639,761,51,0.12656664884761248
7.176475286483765,762,52,0.11620096499180832
7.202774286270142,764,55,0.12513750973688076
7.227128028869629,765,57,0.13248928618666334
7.2536280155181885,767,56,0.12405860751884745
7.278554916381836,768,59,0.13179304578808804
7.312664270401001,770,58,0.12253171679068231
7.3372414112091064,772,58,0.12007413878509787
7.363438844680786,773,59,0.12913060807545662
7.388597249984741,775,56,0.1191537849221671
7.414897918701172,776,59,0.1276063399516616
7.440139293670654,778,57,0.1186249143661211
7.465651035308838,779,61,0.12655175642869665
7.49108099937439,781,58,0.11720817302150088
7.5171709060668945,782,59,0.12504870755844344
7.543123245239258,784,58,0.11591207147790605
7.56976056098938,786,59,0.12505866299116697
7.594191312789917,787,60,0.11507397202476533
7.620571851730347,789,60,0.1244592205357069
7.645277976989746,790,60,0.11493157798544473
7.671644926071167,792,59,0.10552195263183606
7.702820777893066,793,56,0.11372369131611748
7.729741811752319,795,54,0.10409567454405355
7.754656791687012,796,53,0.11933910596209785
7.780713081359863,797,51,0.10992042070248509
7.805485725402832,799,51,0.11798053875077841
7.832163333892822,800,51,0.12641521238684206
7.857030391693115,801,52,0.13436684998164417
7.883401393890381,803,57,0.12524404217869645
7.90813946723938,805,59,0.134574692835022
7.934679269790649,806,61,0.12382157878817779
7.9596943855285645,808,62,0.11538279388867245
7.985408306121826,809,58,0.12272431833955366
8.01090121269226,811,57,0.11426741362803661
8.036857843399048,812,55,0.12131234536651547
8.06295394897461,813,55,0.11317706731820643
8.092751264572144,815,55,0.1201926735714558
8.120962858200073,817,54,0.11158842617805398
8.145392179489136,818,55,0.12520417395657368
8.180191993713379,820,51,0.11726058444586052
8.205400943756104,821,54,0.13370612233973667
8.231948614120483,823,55,0.12487108576176276
8.256828308105469,824,59,0.1327855300582268
8.286055326461792,826,62,0.12373710885195877
8.312609195709229,828,63,0.11800771268536181
8.338953495025635,829,57,0.12602968376100065
8.364134550094604,831,58,0.11785435139140255
8.390630722045898,832,61,0.12634028502197125
8.415268182754517,834,60,0.11711901034585459
8.441620349884033,835,60,0.1249037549352856
8.466207504272461,837,58,0.11586653940223535
8.497361183166504,839,60,0.1235501945141273
8.524961471557617,840,60,0.11459451813512977
8.550517797470093,842,54,0.11155567563369573
8.575629234313965,843,54,0.1197147373923162
8.601473808288574,844,53,0.11034230533704914
8.62678861618042,846,52,0.11801475477572332
8.65269660949707,847,52,0.12630828461295884
8.678585529327393,848,52,0.11752045491364882
8.703956842422485,850,54,0.12545015799917358
8.730075597763062,851,57,0.13465015527415147
8.75528073310852,853,58,0.12457701101490493
8.781794786453247,855,62,0.1335195162244549
8.806950807571411,856,62,0.12310853283861967
8.832967519760132,858,62,0.11530870973110652
8.85802936553955,859,60,0.12237033077012249
8.88389778137207,861,56,0.11381138290674997
8.915251016616821,862,58,0.12121728037399038
8.941710948944092,864,56,0.11887366644921471
8.966614246368408,865,55,0.12593695641828617
8.993093729019165,867,53,0.1179196955666324
9.017992496490479,868,57,0.12500277427776751
9.043948888778687,870,60,0.11644311115865769
9.070063352584839,871,59,0.12416014487162386
9.095542907714844,873,59,0.11572541308796325
9.121428728103638,874,60,0.12388399800942551
9.147090673446655,876,59,0.11436994531817213
9.172745704650879,877,58,0.1227738629575299
9.19898533821106,879,57,0.11388160592057339
9.223578453063965,880,55,0.12163368716466927
9.250008344650269,882,55,0.11351009162673442
9.274675846099854,883,54,0.12011180322666526
9.30724287033081,885,56,0.12931513836175057
9.332972049713135,886,55,0.11890963860323644
9.359499454498291,888,60,0.11710890378307681
9.384201765060425,889,53,0.12565658782563283
9.410696983337402,891,55,0.1170509099207564
9.435251951217651,892,59,0.12471716047637393
9.4616117477417,894,58,0.11525007624520356
9.48616099357605,895,58,0.12339221028470782
9.512071132659912,897,57,0.11385383889838607
9.53732419013977,898,56,0.12235002452785793
9.563711881637573,900,58,0.11271557045415648
9.5895676612854,901,55,0.12191842875208536
9.615352630615234,902,56,0.11128213980900092
9.640681982040405,904,55,0.12083308923241631
9.666064262390137,905,52,0.12790353175885905
9.695100784301758,907,54,0.13662311559694906
9.723579168319702,908,58,0.1266532065824535
9.750075578689575,910,63,0.12477450888692587
9.774730443954468,912,64,0.11417636691649768
9.804929971694946,913,62,0.12318753667682714
9.83057165145874,915,61,0.11752370561948489
9.856057167053223,917,57,0.10836465819251373
9.881686210632324,918,57,0.1162521611895393
9.907099962234497,919,53,0.12451278926285525
9.93264102935791,921,53,0.11496869583063685
9.959738492965698,922,59,0.12345200685683366
9.984535694122314,924,58,0.11421475813591897
10.010907888412476,925,55,0.1233472829530129
