0.02771139144897461,3,34,6.28
0.061868906021118164,15,427,6.175280244880341
0.08857583999633789,30,573,5.965840734641021
0.11267209053039551,45,658,5.721494639361815
0.13886046409606934,64,725,5.424788666522779
0.16318297386169434,82,762,5.093176108643856
0.18941736221313477,104,799,4.761563550764934
0.21344423294067383,124,820,4.395044407846124
0.23975396156311035,146,834,4.028525264927316
0.2644052505493164,166,850,3.6794594145284494
0.29053211212158203,188,856,3.295486979089697
0.3146095275878906,211,863,2.894061251131001
0.34202098846435547,234,867,2.544995400732135
0.3675205707550049,256,869,2.108663087733553
0.3929615020751953,277,872,1.7421439448147433
0.41844725608825684,300,873,1.3407182168560476
0.45098066329956055,329,874,0.9741990739372381
0.47589755058288574,352,848,0.4506002983389399
0.5019173622131348,370,711,0.0666278629001873
0.5275599956512451,383,478,-0.24753140245879202
0.5529851913452148,390,272,-0.43951762017816876
0.5785262584686279,391,36,-0.5442373752978282
0.6040201187133789,386,-199,-0.5267840827778851
0.629014253616333,379,-291,-0.43951762017816876
0.6550483703613281,370,-336,-0.2998912800186222
0.6799085140228271,362,-305,-0.16026493985907564
0.7059109210968018,356,-235,-0.0031853071795859833
0.7308712005615234,353,-147,0.0840811554201304
0.7569921016693115,351,-82,0.13644103297996057
0.7828965187072754,352,-19,0.15389432549990367
0.8080949783325195,353,34,0.13644103297996057
0.8389272689819336,356,82,0.10153444794007349
0.864954948425293,358,83,0.0666278629001873
0.8908514976501465,359,63,0.03172127786030021
0.915844202041626,360,54,-0.0031853071795859833
0.9415874481201172,361,38,-0.0031853071795859833
0.9676074981689453,361,38,-0.02063859969952908
0.9930515289306641,361,16,-0.02063859969952908
1.0183985233306885,361,16,-0.02063859969952908
1.043511152267456,361,7,-0.02063859969952908
1.068507432937622,361,7,-0.02063859969952908
1.093442678451538,361,2,-0.02063859969952908
1.118581771850586,361,2,-0.02063859969952908
1.143427848815918,361,0,-0.02063859969952908
1.1686077117919922,361,0,-0.02063859969952908
1.1940155029296875,361,0,-0.02063859969952908
1.2194201946258545,361,0,-0.02063859969952908
1.251281499862671,361,0,-0.02063859969952908
1.2758994102478027,361,0,-0.02063859969952908
1.3018908500671387,361,0,-0.02063859969952908
1.3274071216583252,361,0,-0.02063859969952908
1.3533194065093994,361,0,-0.02063859969952908
1.3780393600463867,361,0,-0.02063859969952908
1.403960943222046,361,0,-0.02063859969952908
1.429297924041748,361,0,-0.02063859969952908
1.4547491073608398,361,0,-0.02063859969952908
1.479947805404663,361,0,-0.02063859969952908
1.5052273273468018,361,0,-0.02063859969952908
1.5299043655395508,361,0,-0.02063859969952908
1.5559465885162354,361,0,-0.02063859969952908
1.580857515335083,361,0,-0.02063859969952908
1.6064703464508057,361,0,-0.02063859969952908
1.6313095092773438,361,0,-0.02063859969952908
1.663146734237671,361,0,-0.02063859969952908
1.6886439323425293,361,0,-0.02063859969952908
1.7134506702423096,361,0,-0.02063859969952908
1.7388205528259277,361,0,-0.02063859969952908
1.7643182277679443,361,0,-0.02063859969952908
1.7890713214874268,361,0,-0.02063859969952908
1.8150525093078613,361,0,-0.02063859969952908
1.8444910049438477,361,0,-0.02063859969952908
1.8887834548950195,361,0,-0.02063859969952908
1.9358665943145752,361,0,-0.02063859969952908
1.967735767364502,361,0,-0.02063859969952908
2.0048766136169434,361,0,-0.02063859969952908
2.033032178878784,361,0,-0.02063859969952908
2.065094232559204,361,0,-0.02063859969952908
2.090045928955078,361,0,-0.02063859969952908
2.1159181594848633,361,0,-0.02063859969952908
2.140575885772705,361,0,-0.02063859969952908
2.166419744491577,361,0,-0.02063859969952908
2.1917855739593506,361,0,-0.02063859969952908
2.2179548740386963,361,0,-0.02063859969952908
2.2420403957366943,361,0,-0.02063859969952908
2.2684166431427,361,0,-0.02063859969952908
2.2927932739257812,361,0,-0.02063859969952908
2.3184986114501953,361,0,-0.02063859969952908
2.343334436416626,361,0,-0.02063859969952908
2.369432210922241,361,0,-0.02063859969952908
2.393465280532837,361,0,-0.02063859969952908
2.420020580291748,361,0,-0.02063859969952908
2.451040744781494,361,0,-0.02063859969952908
2.4777462482452393,361,0,-0.02063859969952908
2.50187087059021,361,0,-0.02063859969952908
2.528531312942505,361,0,-0.02063859969952908
2.5526890754699707,361,0,-0.02063859969952908
2.5786004066467285,361,0,-0.02063859969952908
2.603196144104004,361,0,-0.02063859969952908
2.6293764114379883,361,0,-0.02063859969952908
2.653465509414673,361,0,-0.02063859969952908
2.679715156555176,361,0,-0.02063859969952908
2.704082489013672,361,0,-0.02063859969952908
2.730597972869873,361,0,-0.02063859969952908
2.755049228668213,361,0,-0.02063859969952908
2.7810986042022705,361,0,-0.02063859969952908
2.8052098751068115,361,0,-0.02063859969952908
2.8316287994384766,361,0,-0.02063859969952908
2.863541841506958,361,0,-0.02063859969952908
2.888925075531006,361,0,-0.02063859969952908
2.914562225341797,361,0,-0.02063859969952908
2.9399971961975098,361,0,-0.02063859969952908
2.965022087097168,361,0,-0.02063859969952908
2.9907984733581543,361,0,-0.02063859969952908
3.0164949893951416,361,0,-0.02063859969952908
3.0418307781219482,361,0,-0.02063859969952908
3.068007469177246,361,0,-0.02063859969952908
3.0920395851135254,361,0,-0.02063859969952908
3.1184375286102295,361,0,-0.02063859969952908
3.142688035964966,361,0,-0.02063859969952908
3.168617010116577,361,0,-0.02063859969952908
3.193152666091919,361,0,-0.02063859969952908
3.219357967376709,361,0,-0.02063859969952908
3.2504401206970215,361,0,-0.02063859969952908
3.275242567062378,361,0,-0.02063859969952908
3.300006628036499,361,0,-0.02063859969952908
3.3258090019226074,361,0,-0.02063859969952908
3.35127592086792,361,0,-0.02063859969952908
3.3776748180389404,361,0,-0.02063859969952908
3.4018356800079346,361,0,-0.02063859969952908
3.428040027618408,361,0,-0.02063859969952908
3.4519975185394287,361,0,-0.02063859969952908
3.478624105453491,361,0,-0.02063859969952908
3.503119468688965,361,0,-0.02063859969952908
3.5289711952209473,361,0,-0.02063859969952908
3.5540473461151123,361,0,-0.02063859969952908
3.5798919200897217,361,0,-0.02063859969952908
3.6049859523773193,361,0,-0.02063859969952908
3.631157875061035,361,0,-0.02063859969952908
3.66270112991333,361,0,-0.02063859969952908
3.688459634780884,361,0,-0.02063859969952908
3.7126498222351074,361,0,-0.02063859969952908
3.7385404109954834,361,0,-0.02063859969952908
3.7628378868103027,361,0,-0.02063859969952908
3.788989782333374,361,0,-0.02063859969952908
3.8134231567382812,361,0,-0.02063859969952908
3.839585065841675,361,0,-0.02063859969952908
3.8638200759887695,361,0,-0.02063859969952908
3.890024423599243,361,0,-0.02063859969952908
3.9148004055023193,361,0,-0.02063859969952908
3.940977096557617,361,0,-0.02063859969952908
3.9650187492370605,361,0,-0.02063859969952908
3.9912779331207275,361,0,-0.02063859969952908
4.015838861465454,361,0,-0.02063859969952908
4.046907424926758,361,0,-0.02063859969952908
4.0731751918792725,361,0,-0.02063859969952908
4.099411249160767,361,0,-0.02063859969952908
4.12347149848938,361,0,-0.02063859969952908
4.149801969528198,361,0,-0.02063859969952908
4.174638748168945,361,0,-0.02063859969952908
4.200578212738037,361,0,-0.02063859969952908
4.225017070770264,361,0,-0.02063859969952908
4.251282215118408,361,0,-0.02063859969952908
4.275902032852173,361,0,-0.02063859969952908
4.301956653594971,361,0,-0.02063859969952908
4.327491998672485,361,0,-0.02063859969952908
4.353372812271118,361,0,-0.02063859969952908
4.378653049468994,361,0,-0.02063859969952908
4.40353536605835,361,0,-0.02063859969952908
4.428750514984131,361,0,-0.02063859969952908
4.461243152618408,361,0,-0.02063859969952908
4.485849618911743,361,0,-0.02063859969952908
4.511756658554077,361,0,-0.02063859969952908
4.536491394042969,361,0,-0.02063859969952908
4.562066078186035,361,0,-0.02063859969952908
4.587514162063599,361,0,-0.02063859969952908
4.6127073764801025,361,0,-0.02063859969952908
4.637818813323975,361,0,-0.02063859969952908
4.6631386280059814,361,0,-0.02063859969952908
4.688395738601685,361,0,-0.02063859969952908
4.713411569595337,361,0,-0.02063859969952908
4.739396095275879,361,0,-0.02063859969952908
4.76469349861145,361,0,-0.02063859969952908
4.789804697036743,361,0,-0.02063859969952908
4.81519627571106,361,0,-0.02063859969952908
4.840628147125244,361,0,-0.02063859969952908
4.872936487197876,361,0,-0.02063859969952908
4.898858547210693,361,0,-0.02063859969952908
4.923250198364258,361,0,-0.02063859969952908
4.949039697647095,361,0,-0.02063859969952908
4.974076986312866,361,0,-0.02063859969952908
5.000402450561523,361,0,-0.02063859969952908
5.024655342102051,361,0,-0.02063859969952908
5.0507800579071045,361,0,-0.02063859969952908
5.084437847137451,361,0,-0.02063859969952908
5.134038686752319,361,0,-0.02063859969952908
5.179826974868774,361,0,-0.02063859969952908
5.205091714859009,361,0,-0.02063859969952908
5.2298994064331055,361,0,-0.02063859969952908
5.262699127197266,361,0,-0.02063859969952908
5.28761887550354,361,0,-0.02063859969952908
5.313169002532959,361,0,-0.02063859969952908
5.339070081710815,361,0,-0.02063859969952908
5.3649678230285645,361,0,-0.02063859969952908
5.389933347702026,361,0,-0.02063859969952908
5.415187835693359,361,0,-0.02063859969952908
5.440564393997192,361,0,-0.02063859969952908
5.4658043384552,361,0,-0.02063859969952908
5.490576505661011,361,0,-0.02063859969952908
5.515408277511597,361,0,-0.02063859969952908
5.5406670570373535,361,0,-0.02063859969952908
5.565733194351196,361,0,-0.02063859969952908
5.59057354927063,361,0,-0.02063859969952908
5.616875886917114,361,0,-0.02063859969952908
5.641391277313232,361,0,-0.02063859969952908
5.674027919769287,361,0,-0.02063859969952908
5.69943904876709,361,0,-0.02063859969952908
5.724776268005371,361,0,-0.02063859969952908
5.749932765960693,361,0,-0.02063859969952908
5.775711297988892,361,0,-0.02063859969952908
5.800815582275391,361,0,-0.02063859969952908
5.826949596405029,361,0,-0.02063859969952908
5.8513054847717285,361,0,-0.02063859969952908
5.877681493759155,361,0,-0.02063859969952908
5.90153169631958,361,0,-0.02063859969952908
5.928097486495972,361,0,-0.02063859969952908
5.9526731967926025,361,0,-0.02063859969952908
5.978509187698364,361,0,-0.02063859969952908
6.002734422683716,361,0,-0.02063859969952908
6.028532028198242,361,0,-0.02063859969952908
6.057047605514526,361,0,-0.02063859969952908
6.085126161575317,361,0,-0.02063859969952908
6.110551118850708,361,0,-0.02063859969952908
6.137434959411621,361,0,-0.02063859969952908
6.1618218421936035,361,0,-0.02063859969952908
6.188027381896973,361,0,-0.02063859969952908
6.212401390075684,361,0,-0.02063859969952908
6.2385406494140625,361,0,-0.02063859969952908
6.26268744468689,361,0,-0.02063859969952908
6.287907600402832,361,0,-0.02063859969952908
6.312870740890503,361,0,-0.02063859969952908
6.339753866195679,361,0,-0.02063859969952908
6.364364147186279,361,0,-0.02063859969952908
6.390568256378174,361,0,-0.02063859969952908
6.414999485015869,361,0,-0.02063859969952908
6.441159725189209,361,0,-0.02063859969952908
6.472950458526611,361,0,-0.02063859969952908
6.49860954284668,361,0,-0.02063859969952908
6.52342963218689,361,0,-0.02063859969952908
6.54860782623291,361,0,-0.02063859969952908
6.5743372440338135,361,0,-0.02063859969952908
6.5989603996276855,361,0,-0.02063859969952908
6.624600410461426,361,0,-0.02063859969952908
6.649963855743408,361,0,-0.02063859969952908
6.675191879272461,361,0,-0.02063859969952908
6.700550079345703,361,0,-0.02063859969952908
6.725922584533691,361,0,-0.02063859969952908
6.750585317611694,361,0,-0.02063859969952908
6.777468681335449,361,0,-0.02063859969952908
6.801291465759277,361,0,-0.02063859969952908
6.830621004104614,361,0,-0.02063859969952908
6.8587422370910645,361,0,-0.02063859969952908
6.887627363204956,361,0,-0.02063859969952908
6.912091493606567,361,0,-0.02063859969952908
6.937702655792236,361,0,-0.02063859969952908
6.962727785110474,361,0,-0.02063859969952908
6.988934278488159,361,0,-0.02063859969952908
7.013190746307373,361,0,-0.02063859969952908
7.039536476135254,361,0,-0.02063859969952908
7.063539743423462,361,0,-0.02063859969952908
7.089799880981445,361,0,-0.02063859969952908
7.113900423049927,361,0,-0.02063859969952908
7.140995979309082,361,0,-0.02063859969952908
7.165018320083618,361,0,-0.02063859969952908
7.191321611404419,361,0,-0.02063859969952908
7.215759038925171,361,0,-0.02063859969952908
7.241318941116333,361,0,-0.02063859969952908
7.27275013923645,361,0,-0.02063859969952908
7.298964023590088,361,0,-0.02063859969952908
7.323394298553467,361,0,-0.02063859969952908
7.350409030914307,361,0,-0.02063859969952908
7.3746349811553955,361,0,-0.02063859969952908
7.400686979293823,361,0,-0.02063859969952908
7.4251389503479,361,0,-0.02063859969952908
7.451020240783691,361,0,-0.02063859969952908
7.4754111766815186,361,0,-0.02063859969952908
7.501291751861572,361,0,-0.02063859969952908
7.525717258453369,361,0,-0.02063859969952908
7.551262855529785,361,0,-0.02063859969952908
7.575819253921509,361,0,-0.02063859969952908
7.60128116607666,361,0,-0.02063859969952908
7.625878810882568,361,0,-0.02063859969952908
7.651449680328369,361,0,-0.02063859969952908
7.6831748485565186,361,0,-0.02063859969952908
7.7093706130981445,361,0,-0.02063859969952908
7.73347544670105,361,0,-0.02063859969952908
7.759857416152954,361,0,-0.02063859969952908
7.7843968868255615,361,0,-0.02063859969952908
7.809880256652832,361,0,-0.02063859969952908
7.834987163543701,361,0,-0.02063859969952908
7.860823154449463,361,0,-0.02063859969952908
7.887448072433472,361,0,-0.02063859969952908
7.9130518436431885,361,0,-0.02063859969952908
7.938645124435425,361,0,-0.02063859969952908
7.963611125946045,361,0,-0.02063859969952908
7.989330053329468,361,0,-0.02063859969952908
8.014617681503296,361,0,-0.02063859969952908
8.039820194244385,361,0,-0.02063859969952908
8.071338653564453,361,0,-0.02063859969952908
8.097482919692993,361,0,-0.02063859969952908
8.121273756027222,361,0,-0.02063859969952908
8.145720720291138,361,0,-0.02063859969952908
8.171290159225464,361,0,-0.02063859969952908
8.19586730003357,361,0,-0.02063859969952908
8.221800327301025,361,0,-0.02063859969952908
8.246415376663208,361,0,-0.02063859969952908
8.272774696350098,361,0,-0.02063859969952908
8.297626495361328,361,0,-0.02063859969952908
8.323227405548096,361,0,-0.02063859969952908
8.34937310218811,361,0,-0.02063859969952908
8.374611139297485,361,0,-0.02063859969952908
8.400015830993652,361,0,-0.02063859969952908
8.425102949142456,361,0,-0.02063859969952908
8.450598955154419,361,0,-0.02063859969952908
8.482704401016235,361,0,-0.02063859969952908
8.50859260559082,361,0,-0.02063859969952908
8.533203363418579,361,0,-0.02063859969952908
8.559012174606323,361,0,-0.02063859969952908
8.583949089050293,361,0,-0.02063859969952908
8.610515832901001,361,0,-0.02063859969952908
8.634766578674316,361,0,-0.02063859969952908
8.660857200622559,361,0,-0.02063859969952908
8.685043811798096,361,0,-0.02063859969952908
8.711340427398682,361,0,-0.02063859969952908
8.735749959945679,361,0,-0.02063859969952908
8.76100492477417,361,0,-0.02063859969952908
8.78540587425232,361,0,-0.02063859969952908
8.810930490493774,361,0,-0.02063859969952908
8.839438199996948,361,0,-0.02063859969952908
8.877660512924194,361,0,-0.02063859969952908
8.923257112503052,361,0,-0.02063859969952908
8.970612525939941,361,0,-0.02063859969952908
9.008335590362549,361,0,-0.02063859969952908
9.032666683197021,361,0,-0.02063859969952908
9.07796311378479,361,0,-0.02063859969952908
9.103153467178345,361,0,-0.02063859969952908
9.128406524658203,361,0,-0.02063859969952908
9.153198719024658,361,0,-0.02063859969952908
9.178391695022583,361,0,-0.02063859969952908
9.20330286026001,361,0,-0.02063859969952908
9.228482246398926,361,0,-0.02063859969952908
9.253113269805908,361,0,-0.02063859969952908
9.284348964691162,361,0,-0.02063859969952908
9.310009479522705,361,0,-0.02063859969952908
9.335230588912964,361,0,-0.02063859969952908
9.361268043518066,361,0,-0.02063859969952908
9.385728359222412,361,0,-0.02063859969952908
9.411254644393921,361,0,-0.02063859969952908
9.435387134552002,361,0,-0.02063859969952908
9.46130919456482,361,0,-0.02063859969952908
9.485861778259277,361,0,-0.02063859969952908
9.511432409286499,361,0,-0.02063859969952908
9.535388469696045,361,0,-0.02063859969952908
9.561834573745728,361,0,-0.02063859969952908
9.58642864227295,361,0,-0.02063859969952908
9.612794876098633,361,0,-0.02063859969952908
9.637619495391846,361,0,-0.02063859969952908
9.668517827987671,361,0,-0.02063859969952908
9.694387197494507,361,0,-0.02063859969952908
9.720523834228516,361,0,-0.02063859969952908
9.744899272918701,361,0,-0.02063859969952908
9.77121376991272,361,0,-0.02063859969952908
9.799076795578003,361,0,-0.02063859969952908
9.840760707855225,361,0,-0.02063859969952908
9.887805938720703,361,0,-0.02063859969952908
9.933570146560669,361,0,-0.02063859969952908
9.962816953659058,361,0,-0.02063859969952908
9.997624635696411,361,0,-0.02063859969952908
