0.02081298828125,1,37,6.28
0.04742264747619629,9,284,6.233644455936264
0.07168960571289062,20,491,6.102121864424987
0.09776163101196289,35,601,5.90128940445442
0.12276339530944824,53,685,5.628926206960234
0.1488187313079834,72,747,5.376161592360745
0.17444229125976562,92,778,5.0518030593141745
0.2000105381011963,111,810,4.728962298942164
0.22592806816101074,133,827,4.387828297396036
0.25142860412597656,154,841,4.029369749362678
0.2854297161102295,183,855,3.6714102114153806
0.310347318649292,206,861,3.1907862451369517
0.335740327835083,227,872,2.8588456640009796
0.3614835739135742,249,869,2.4991323189858115
0.3868408203125,272,874,2.1243780006340494
0.4128096103668213,295,883,1.747554447434264
0.43770909309387207,316,880,1.407530761211012
0.46477222442626953,341,877,1.030959931705075
0.4895148277282715,362,885,0.6559021065021167
0.51611328125,386,859,0.28007252035860564
0.5404696464538574,405,769,-0.0783948491621782
0.5673582553863525,421,594,-0.3842939632849971
0.5922327041625977,431,366,-0.6031895905008486
0.6186966896057129,435,182,-0.6992736851222627
0.6447606086730957,432,-77,-0.6900326798516794
0.6702721118927002,422,-340,-0.5776612177097267
0.7043766975402832,409,-444,-0.3417312575650113
0.7286994457244873,398,-473,-0.10041017650965145
0.7558386325836182,387,-395,0.11816805742981717
0.7807638645172119,380,-273,0.3176412349333271
0.8074758052825928,376,-157,0.4492374396379484
0.8319921493530273,377,27,0.5088742302137232
0.8586249351501465,383,189,0.48309254059639883
0.8844530582427979,390,309,0.4034014910736623
0.9100608825683594,400,358,0.2905216623734663
0.9354031085968018,409,362,0.14168310744380896
0.9608962535858154,417,313,0.027087141811239945
0.985450267791748,423,239,-0.08715596432425787
1.0128238201141357,427,157,-0.14870087693618128
1.0377593040466309,428,98,-0.1750345055641267
1.0644829273223877,427,0,-0.16562350784664304
1.0972204208374023,424,-54,-0.10623324208165918
1.1232264041900635,421,-112,-0.022298399998513574
1.148080587387085,419,-93,0.05727147473843974
1.1744542121887207,417,-62,0.1189078819371403
1.1994998455047607,417,-17,0.16054897772551602
1.2261931896209717,419,15,0.1698398124791325
1.2504401206970215,421,90,0.1594068945840208
1.2777340412139893,424,109,0.15122464807562874
1.3026957511901855,427,126,0.12327573357427024
1.3287551403045654,431,125,0.09857861007327884
1.3546738624572754,434,115,0.05347275734580048
1.3801651000976562,436,94,0.044754545871587226
1.4061157703399658,438,68,0.03649457490640806
1.4316961765289307,439,54,0.026074531614567853
1.457228183746338,439,45,0.03552653732765698
1.4895496368408203,440,27,0.04259936403989162
1.5148375034332275,441,22,0.06896750521420802
1.5404045581817627,441,22,0.08297235211382059
1.566227674484253,442,20,0.1095097704792991
1.591850996017456,443,27,0.11654158919592827
1.6174042224884033,445,61,0.12577353456050577
1.6444652080535889,447,80,0.11584081884435005
1.6700282096862793,449,89,0.10727257265639167
1.695350170135498,451,88,0.08128393571240711
1.7207977771759033,453,82,0.07151549039725147
1.7464148998260498,455,72,0.06203576998138871
1.7746779918670654,457,63,0.05268241141244978
1.8002007007598877,458,54,0.06061473710234555
1.8265187740325928,459,45,0.055233670479816865
1.8516502380371094,460,39,0.06211147079434731
1.8842368125915527,461,37,0.07152962106920313
1.9092516899108887,462,35,0.07858671215521795
1.9354076385498047,463,37,0.09430197394130424
1.959981918334961,464,45,0.10144108101852822
1.9861376285552979,466,56,0.11005385333318074
2.01177716255188,468,70,0.09963476371565783
2.0381603240966797,470,75,0.09177843540489583
2.063171148300171,472,77,0.08168192612489733
2.089844226837158,474,76,0.07328414922099746
2.1152517795562744,476,68,0.08182897224060426
2.1408729553222656,477,59,0.07238739879739775
2.1763916015625,479,56,0.06312630821857113
2.2022008895874023,480,51,0.06379511304074548
2.2278342247009277,482,47,0.07296697692338938
2.254441022872925,483,44,0.08040458406164852
2.285881519317627,484,44,0.08941933010066627
2.313312530517578,486,49,0.0804560243271375
2.3397953510284424,487,52,0.0961276555132482
2.3653149604797363,488,55,0.10478691945082375
2.3912558555603027,490,63,0.09550246385124517
2.4164040088653564,492,69,0.0865393964962955
2.4421801567077637,494,70,0.09454515510855366
2.4674274921417236,495,69,0.08492667507965379
2.494654655456543,497,68,0.07602893441537795
2.5196728706359863,499,67,0.06655636655688824
2.546124219894409,501,63,0.07609563346992765
2.570791721343994,502,58,0.06591782345445552
2.598698616027832,503,52,0.07492327116888653
2.6725852489471436,507,42,0.047454531685838575
2.7252180576324463,509,37,0.054154035610993745
2.7507853507995605,509,35,0.1061680492281365
2.7765073776245117,510,31,0.1145605227756974
2.802180767059326,512,46,0.12273484332338214
2.8276357650756836,513,68,0.13115688077475163
2.854478359222412,516,82,0.121879339313967
2.8788115978240967,518,91,0.11357955244607787
2.90549373626709,520,96,0.08656857663490491
2.9299848079681396,523,90,0.07714965295671128
2.9565272331237793,525,80,0.06779152601619032
2.9814670085906982,526,69,0.058480367535752364
3.0078542232513428,528,64,0.04933848624647652
3.0333211421966553,529,51,0.05845885171603449
3.059518337249756,530,42,0.0656375362773911
3.088137626647949,531,37,0.07511791380139243
3.1174330711364746,532,37,0.06460297991507069
3.141918420791626,533,39,0.08004835186961401
3.1681771278381348,535,42,0.08772008605255266
3.1927666664123535,536,46,0.09688598947071903
3.219522714614868,537,53,0.10348841632638539
3.245595932006836,539,60,0.09530426246936052
3.2715156078338623,541,69,0.1025647246033472
3.297757863998413,543,74,0.0941454900273282
3.3222386837005615,544,74,0.08485149768458555
3.349431276321411,546,72,0.07608631775029018
3.3745715618133545,548,70,0.06627424183515984
3.4001331329345703,550,64,0.05788266381431484
3.4254438877105713,551,56,0.06612779467999275
3.4512460231781006,552,48,0.05619317161520421
3.476588010787964,553,43,0.06444068666667135
3.5088651180267334,555,37,0.0724125898406971
3.534458875656128,555,36,0.0866236688112334
3.5599992275238037,556,39,0.0955347027683402
3.5854227542877197,558,47,0.10332230838072043
3.6112587451934814,559,59,0.11149019162676943
3.636798858642578,561,68,0.10191868005795257
3.662193536758423,563,78,0.09291269735876284
3.6876540184020996,565,78,0.08383495066726532
3.7137584686279297,567,74,0.07432042113885373
3.7388365268707275,569,70,0.06454386959200953
3.768343925476074,571,59,0.07376913923637218
3.7944529056549072,572,53,0.06382426417268228
3.835618734359741,574,47,0.05871070319590643
3.889723062515259,576,40,0.054811884879651274
3.925304651260376,577,38,0.06768176048734809
3.9553723335266113,578,35,0.10211502650012072
3.9916086196899414,580,43,0.11067820775031834
4.0182061195373535,582,58,0.11637049203416261
4.0442540645599365,584,73,0.12487764491827136
4.06980562210083,586,84,0.11590814026168594
4.095399379730225,588,96,0.08957665740095244
4.120905637741089,591,95,0.0801613100014471
4.146610498428345,593,82,0.07094480369691247
4.172574281692505,595,68,0.061713038603313564
4.1975932121276855,596,60,0.052535156108593384
4.224485635757446,597,52,0.04326071408933707
4.249512434005737,598,46,0.05112294471697609
4.276620864868164,599,38,0.06078261301246357
4.308145999908447,600,32,0.06801518017269537
4.334690570831299,601,31,0.08489368620621995
4.359545469284058,602,36,0.11022899809586839
4.385966062545776,603,49,0.10109689196833394
4.410765171051025,605,63,0.10891668408889466
4.437356948852539,607,72,0.09975501405755338
4.46203351020813,609,79,0.09060073500216248
4.488457441329956,611,79,0.08148007296642668
4.514394044876099,613,72,0.07313403289419185
4.539987802505493,615,66,0.06256855426910057
4.565282821655273,616,57,0.07215860433948862
4.590817451477051,617,52,0.061642001523113166
4.616349697113037,619,48,0.07033440564318383
4.641889572143555,620,45,0.07779895408088322
4.667542934417725,621,45,0.08676697007839529
4.699807167053223,623,49,0.09433976055100501
4.7260963916778564,624,56,0.0855226053664655
4.751487970352173,626,63,0.08200001156803438
4.778115749359131,627,63,0.09157384917504352
4.803319215774536,629,60,0.08125727954653428
4.829747200012207,631,63,0.09049160909690279
4.854726552963257,632,60,0.08137905329285644
4.8814685344696045,634,61,0.07212463843424466
4.9072794914245605,635,58,0.08080965157836317
4.932551383972168,637,55,0.07157907857766155
4.957699298858643,638,53,0.07979154609800254
4.984286785125732,639,51,0.08803238542925484
5.008667230606079,641,54,0.0779287235918833
5.035213947296143,642,54,0.08703764496964439
5.059739112854004,643,56,0.07646262960138905
5.090033292770386,645,58,0.085716747893823
5.1174492835998535,647,58,0.07537419064019169
5.1445534229278564,649,59,0.0731068706607303
5.169490337371826,650,56,0.08234549174552264
5.195741176605225,651,54,0.07309679893280929
5.220372676849365,653,53,0.08102650201833406
5.246862173080444,654,51,0.0894916932325227
5.280155181884766,656,56,0.09731434637603087
5.340849876403809,660,64,0.0706826945242085
5.3996195793151855,663,59,0.051341783965920484
5.476810693740845,667,38,0.03940663131168343
5.541499853134155,669,33,0.030292685703956934
5.566710472106934,669,30,0.12986892052146182
5.593310117721558,670,22,0.1557158786818622
5.618901252746582,671,50,0.1642311377976604
5.645339012145996,674,88,0.1563144895863875
5.669939756393433,676,105,0.1286728966334909
5.696252346038818,680,116,0.10235524205034707
5.720902681350708,682,111,0.07456129962540459
5.747412919998169,685,96,0.06602667045709865
5.772568702697754,687,76,0.03858987906365208
5.79876971244812,688,60,0.04763490426221395
5.8246519565582275,689,53,0.03793512349784045
5.852002143859863,690,38,0.04667926444957615
5.877407073974609,691,32,0.055074599020088044
5.90980339050293,692,24,0.0824731852932814
5.935299396514893,692,23,0.09614066990346437
5.960824251174927,693,30,0.10498566191416003
5.986499309539795,695,47,0.1140020768832315
6.012210845947266,696,65,0.12149428187610489
6.037419557571411,698,77,0.11305955009244428
6.0643157958984375,701,88,0.10341746662421336
6.089536190032959,703,84,0.09448038689438398
6.115789890289307,705,84,0.06815200347518058
6.141238212585449,707,75,0.058735225564198856
6.16741418838501,709,67,0.04984964424745719
6.1925740242004395,710,52,0.058451210888891936
6.2186362743377686,711,45,0.04873903235840338
6.2448530197143555,712,41,0.07541234931396978
6.270345449447632,713,37,0.08217976182637621
6.301254034042358,714,40,0.0914567683024039
6.328242301940918,716,48,0.08165256020038392
6.354868412017822,717,55,0.09782248621681688
6.379572868347168,719,57,0.08735380553484084
6.406200408935547,720,61,0.0966088775015912
6.4307756423950195,722,64,0.08619741727859953
6.457468032836914,724,67,0.0778363568358813
6.482036828994751,725,64,0.08521173672499494
6.5086705684661865,727,61,0.0768652198156019
6.534320116043091,729,62,0.06680661908968055
6.5600669384002686,730,58,0.07547708870047387
6.5856006145477295,731,54,0.06657219547882498
6.611668348312378,733,53,0.07480635908986422
6.636711597442627,734,52,0.08319191849863117
6.662743091583252,736,52,0.0738471429985399
6.68757700920105,737,55,0.08204578224129122
6.72001314163208,739,52,0.07271721920457885
6.74549126625061,740,52,0.08785455435492295
6.772623777389526,741,50,0.07752701747177504
6.799963474273682,743,52,0.08772193547734375
6.826448917388916,744,54,0.09685183769006755
6.851268768310547,746,59,0.08879786037723214
6.877628564834595,747,63,0.09701128157188776
6.902554035186768,749,63,0.08816646983217247
6.928776502609253,751,67,0.07824543662639272
6.954453706741333,753,63,0.08723204927307471
6.980273485183716,754,60,0.07710168455484379
7.006194829940796,756,60,0.06901313654803687
7.031653165817261,757,58,0.07619182110939349
7.057830333709717,758,54,0.0853644002477747
7.082878112792969,760,53,0.0749331512827176
7.116276741027832,762,56,0.08408093488887225
7.140850067138672,763,56,0.07890681559300461
7.166800022125244,764,57,0.08976024571405361
7.192202091217041,766,56,0.0796730347586383
7.21820592880249,767,59,0.08877480357902812
7.244695663452148,769,58,0.07877747642793409
7.270913600921631,771,58,0.08787900682974481
7.296644687652588,772,57,0.0788196183688381
7.329662799835205,774,58,0.070136692844331
7.35524845123291,775,57,0.0783668033395255
7.380801439285278,777,54,0.07620844065071353
7.406423330307007,778,52,0.08530949421536427
7.4319305419921875,779,53,0.07521679963263139
7.457608699798584,781,56,0.08432595942897159
7.484361171722412,783,58,0.09217054708175887
7.516845464706421,784,60,0.08355938554956133
7.541690826416016,786,63,0.07894960303042708
7.567927598953247,788,64,0.07183475650067273
7.592760801315308,789,59,0.07884559438234007
7.6186182498931885,791,57,0.07015956941630641
7.644449949264526,792,52,0.0777571554211427
7.669943809509277,793,51,0.0866424401717083
7.695684909820557,795,52,0.07735130885191488
7.721320390701294,796,55,0.08494174229937812
7.746663808822632,798,56,0.07599679475644017
7.773294925689697,799,58,0.0839975465785372
7.797760486602783,801,58,0.07486138733515979
7.824518918991089,802,58,0.08424472849746678
7.849825620651245,804,57,0.0737705641881714
7.876249074935913,805,63,0.08320874162367176
7.905879735946655,807,57,0.07279465879630997
7.93426513671875,809,57,0.06446197016450483
7.958827972412109,810,55,0.07826892964346222
7.984822511672974,811,49,0.08761150122874461
8.010236501693726,813,52,0.07751022357716408
8.036566019058228,814,54,0.08661628393197596
8.06151294708252,815,56,0.09368672645841869
8.088231801986694,817,58,0.08561367565925515
8.113246440887451,819,63,0.09323057356900044
8.140055656433105,820,64,0.0843902917822863
8.165449619293213,822,66,0.0757443211375417
8.190918207168579,824,64,0.06629869457849047
8.216465473175049,825,61,0.07427775030988926
8.241977453231812,827,54,0.06509223842063783
8.267757415771484,828,53,0.0740156701438579
8.29485034942627,829,47,0.08153600852906706
8.325791358947754,831,46,0.07360720097025997
8.351983785629272,832,47,0.0875891596862779
8.377410888671875,833,49,0.09675601677876067
8.403297662734985,835,54,0.08686836217405514
8.429508686065674,836,62,0.09533760650408851
8.455961227416992,838,62,0.08685066105160288
8.480350732803345,840,66,0.09483639250321829
8.5068359375,841,65,0.08565898684565454
8.532770156860352,843,69,0.07615852401340995
8.558339834213257,845,65,0.06693701091871418
8.584588766098022,846,62,0.07634133291598211
8.609560489654541,848,57,0.0658018419160129
8.635711908340454,849,54,0.0750526223483412
8.660194635391235,850,51,0.06463615533518663
8.686475276947021,852,49,0.07349807506500028
8.718229532241821,853,46,0.08052417173573012
8.744783639907837,854,46,0.08988939308602717
8.774190664291382,856,49,0.086232331208981
8.79974365234375,857,55,0.09873180320014718
8.825211763381958,859,59,0.08963879771958538
8.8507661819458,861,65,0.09781740980169396
8.87656545639038,862,65,0.08840587709945424
8.902642965316772,864,66,0.07936007849755455
8.927632808685303,866,67,0.08755681039167484
8.954661130905151,867,60,0.07862497587058748
8.979518175125122,869,61,0.06879430330628544
9.00619912147522,870,58,0.07846017048482956
9.030842781066895,872,54,0.06877994004394239
9.057421445846558,873,55,0.0772510917226068
9.082077026367188,874,51,0.0684060415643124
9.115328788757324,876,50,0.07639677980608717
9.139868974685669,877,49,0.08560011494117248
9.1664297580719,879,51,0.08166601067521206
9.19120454788208,880,56,0.08993402972448372
9.2175133228302,881,57,0.08043237479934184
9.242559909820557,883,59,0.08941350381870627
9.269572496414185,885,57,0.07936014830152516
9.294757604598999,886,59,0.08848695107271887
9.320866346359253,888,60,0.07889350499462466
9.347520351409912,889,60,0.0881922075613506
9.372018814086914,891,59,0.0780952214441939
9.398430824279785,892,58,0.08700863958709171
9.424313068389893,894,58,0.07707139391793305
9.449674367904663,895,61,0.0856395819582918
9.47525954246521,897,59,0.07649388597175033
9.500224351882935,898,58,0.08478813106472316
9.53218126296997,900,58,0.07514008713201292
9.558719635009766,902,58,0.07259810894942653
9.584452867507935,903,57,0.08001902678715034
9.609982252120972,905,53,0.07171780940778483
9.635421991348267,906,53,0.07960173612612387
9.66090202331543,907,51,0.08765803947715156
9.686388969421387,909,52,0.07823720845032689
9.711949586868286,910,57,0.08645730536519736
9.737410545349121,911,57,0.07678947269042347
9.764521598815918,913,58,0.08543323942035741
9.788911581039429,915,56,0.07589415277829836
9.815676927566528,916,58,0.08515566204668623
9.840393543243408,918,60,0.07493469826839672
9.867233991622925,919,59,0.08433043719681521
9.891653299331665,921,58,0.07417241592341028
9.92482304573059,923,59,0.08306175378981706
9.949572801589966,924,54,0.0726388494750303
9.975849866867065,925,58,0.0885286336610207
10.000876903533936,927,55,0.07905511212821281
