0.018970489501953125,0,0
0.04026079177856445,0,0
0.06019926071166992,0,0
0.08076953887939453,0,0
0.10058307647705078,0,0
0.12058377265930176,0,0
0.14136385917663574,0,0
0.16074562072753906,0,0
0.180649995803833,0,0
0.20140743255615234,0,0
0.22072815895080566,0,0
0.24204158782958984,0,0
0.2613644599914551,0,0
0.28873777389526367,0,0
0.3086702823638916,0,0
0.32914042472839355,0,0
0.3501114845275879,0,0
0.37011146545410156,0,0
0.39061903953552246,0,0
0.4105498790740967,0,0
0.43056583404541016,0,0
0.45134401321411133,0,0
0.47065305709838867,0,0
0.4924626350402832,0,0
0.5120644569396973,0,0
0.5324752330780029,0,0
0.5534288883209229,0,0
0.5734412670135498,0,0
0.5940980911254883,0,0
0.6135141849517822,0,0
0.6331803798675537,0,0
0.6541554927825928,0,0
0.6784577369689941,0,0
0.7004270553588867,0,0
0.7204029560089111,0,0
0.740541934967041,0,0
0.7607402801513672,0,0
0.780613899230957,0,0
0.8024086952209473,0,0
0.8269674777984619,0,0
0.850132942199707,0,0
0.8865756988525391,0,0
0.9170091152191162,0,0
0.9368188381195068,0,0
0.9701266288757324,0,0
1.0039153099060059,0,0
1.0244359970092773,0,0
1.044201374053955,0,0
1.065072774887085,0,0
1.0906469821929932,0,0
1.1119813919067383,0,0
1.130979299545288,0,0
1.1506648063659668,0,0
1.1719825267791748,0,0
1.1914868354797363,0,0
1.2129576206207275,0,0
1.2319612503051758,0,0
1.251391887664795,0,0
1.2725553512573242,0,0
1.2930397987365723,0,0
1.3140575885772705,0,0
1.3349781036376953,0,0
1.354504108428955,0,0
1.3754074573516846,0,0
1.3952734470367432,0,0
1.4162285327911377,0,0
1.4354596138000488,0,0
1.4560136795043945,0,0
1.4809308052062988,0,0
1.5034101009368896,0,0
1.52408766746521,0,0
1.5435261726379395,0,0
1.5631868839263916,0,0
1.5840036869049072,0,0
1.6034247875213623,0,0
1.6241495609283447,0,0
1.6441452503204346,0,0
1.6636309623718262,0,0
1.6841261386871338,0,0
1.7036488056182861,0,0
1.7231957912445068,0,0
1.7449088096618652,0,0
1.764542579650879,0,0
1.7854249477386475,0,0
1.8051738739013672,0,0
1.8260183334350586,0,0
1.8459479808807373,0,0
1.8654191493988037,0,0
1.893197774887085,0,0
1.9132089614868164,0,0
1.9334499835968018,0,0
1.953582763671875,0,0
1.9743750095367432,0,0
1.9945623874664307,0,0
2.0140669345855713,0,0
