0.019951581954956055,0,0
0.03957176208496094,0,0
0.060443878173828125,0,0
0.08510613441467285,0,0
0.10710430145263672,0,0
0.12687420845031738,0,0
0.1467900276184082,0,0
0.16713452339172363,0,0
0.18743538856506348,0,0
0.20847082138061523,0,0
0.2282578945159912,0,0
0.24765849113464355,0,0
0.268451452255249,0,0
0.28879785537719727,0,0
0.30949950218200684,0,0
0.3295471668243408,0,0
0.35026121139526367,0,0
0.3707718849182129,0,0
0.3906700611114502,0,0
0.44828128814697266,0,0
0.5076286792755127,0,0
0.5550575256347656,0,0
0.6025149822235107,0,0
0.6288044452667236,0,0
0.648613452911377,0,0
0.6694908142089844,0,0
0.6961498260498047,0,0
0.716984748840332,0,0
0.736860990524292,0,0
0.756281852722168,0,0
0.7773211002349854,0,0
0.7971160411834717,0,0
0.8186507225036621,0,0
0.8384368419647217,0,0
0.8585004806518555,0,0
0.8789854049682617,0,0
0.9052464962005615,0,0
0.9260072708129883,0,0
0.945460319519043,0,0
0.966172456741333,0,0
0.9861044883728027,0,0
1.005434274673462,0,0
1.0265207290649414,0,0
1.046205997467041,0,0
1.0661673545837402,0,0
1.08738112449646,0,0
1.1073276996612549,0,0
1.128277063369751,0,0
1.147948980331421,0,0
1.1684484481811523,0,0
1.1886420249938965,0,0
1.2084760665893555,0,0
1.2290780544281006,0,0
1.2487726211547852,0,0
1.269331455230713,0,0
1.2953901290893555,0,0
1.3154611587524414,0,0
1.3361003398895264,0,0
1.3568813800811768,0,0
1.3774662017822266,0,0
1.3974323272705078,0,0
1.4170591831207275,0,0
1.4384665489196777,0,0
1.4582934379577637,0,0
1.478762149810791,0,0
1.4985265731811523,0,0
1.5184898376464844,0,0
1.5389070510864258,0,0
1.558683156967163,0,0
1.57962965965271,0,0
1.5995359420776367,0,0
1.6191234588623047,0,0
1.6400444507598877,0,0
1.6599657535552979,0,0
1.6804494857788086,0,0
1.7071447372436523,0,0
1.7266643047332764,0,0
1.7475569248199463,0,0
1.7674784660339355,0,0
1.788344383239746,0,0
1.8079679012298584,0,0
1.827629566192627,0,0
1.8494818210601807,0,0
1.8690671920776367,0,0
1.8901877403259277,0,0
1.9101545810699463,0,0
1.9307866096496582,0,0
1.9506547451019287,0,0
1.9706411361694336,0,0
1.9915764331817627,0,0
2.0109775066375732,0,0
