0.06953215599060059,0,0
0.09815049171447754,0,0
0.11806368827819824,0,0
0.13870573043823242,0,0
0.15783405303955078,0,0
0.17819738388061523,0,0
0.19864773750305176,0,0
0.21813058853149414,0,0
0.23824334144592285,0,0
0.2586348056793213,0,0
0.27780699729919434,0,0
0.29909610748291016,0,0
0.3190138339996338,0,0
0.338787317276001,0,0
0.36019158363342285,0,0
0.3997006416320801,0,0
0.43529748916625977,0,0
0.48999619483947754,0,0
0.5388007164001465,0,0
0.5848855972290039,0,0
0.6533267498016357,0,0
0.6875746250152588,0,0
0.7065858840942383,0,0
0.7255511283874512,0,0
0.7466089725494385,0,0
0.767916202545166,0,0
0.7881033420562744,0,0
0.8086178302764893,0,0
0.8281593322753906,0,0
0.8486838340759277,0,0
0.8680636882781982,0,0
0.8931994438171387,0,0
0.9146552085876465,0,0
0.9346592426300049,0,0
0.9582324028015137,0,0
0.9778120517730713,0,0
0.9987778663635254,0,0
1.0185303688049316,0,0
1.0387609004974365,0,0
1.0596818923950195,0,0
1.0792255401611328,0,0
1.0999515056610107,0,0
1.1200110912322998,0,0
1.1397907733917236,0,0
1.1601171493530273,0,0
1.1799957752227783,0,0
1.2007651329040527,0,0
1.2201943397521973,0,0
1.240666151046753,0,0
1.261298418045044,0,0
1.2808094024658203,0,0
1.308659315109253,0,0
1.327820062637329,0,0
1.3481931686401367,0,0
1.3687739372253418,0,0
1.389695644378662,0,0
1.4100513458251953,0,0
1.4299900531768799,0,0
1.4509320259094238,0,0
1.470597267150879,0,0
1.4900963306427002,0,0
1.5101394653320312,0,0
1.530181884765625,0,0
1.5511963367462158,0,0
1.5709915161132812,0,0
1.5907597541809082,0,0
1.61146879196167,0,0
1.6308717727661133,0,0
1.651580572128296,0,0
1.671480655670166,0,0
1.696195125579834,0,0
1.7182095050811768,0,0
1.7386000156402588,0,0
1.7593629360198975,0,0
1.779179334640503,0,0
1.7995588779449463,0,0
1.8200898170471191,0,0
1.8398370742797852,0,0
1.8609483242034912,0,0
1.880948543548584,0,0
1.9001884460449219,0,0
1.921297311782837,0,0
1.9410111904144287,0,0
1.9615042209625244,0,0
1.981203317642212,0,0
2.0008275508880615,0,0
