0.02011871337890625,0,0
0.03969550132751465,0,0
0.06111907958984375,0,0
0.08108258247375488,0,0
0.10115456581115723,0,0
0.12167644500732422,0,0
0.14145159721374512,0,0
0.1622622013092041,0,0
0.18225359916687012,0,0
0.2021493911743164,0,0
0.22309112548828125,0,0
0.2431645393371582,0,0
0.2642533779144287,0,0
0.2893257141113281,0,0
0.31032490730285645,0,0
0.33146071434020996,0,0
0.35129380226135254,0,0
0.39287233352661133,0,0
0.4369814395904541,0,0
0.4821925163269043,0,0
0.5441446304321289,0,0
0.602341890335083,0,0
0.6229050159454346,0,0
0.6431975364685059,0,0
0.6631271839141846,0,0
0.6890871524810791,0,0
0.7100265026092529,0,0
0.7310352325439453,0,0
0.7510507106781006,0,0
0.7709181308746338,0,0
0.7914402484893799,0,0
0.8113665580749512,0,0
0.8321552276611328,0,0
0.8529584407806396,0,0
0.8734698295593262,0,0
0.8936464786529541,0,0
0.913367748260498,0,0
0.9368698596954346,0,0
0.9566302299499512,0,0
0.9768848419189453,0,0
0.9970240592956543,0,0
1.0173513889312744,0,0
1.0378997325897217,0,0
1.057786226272583,0,0
1.078291416168213,0,0
1.1041631698608398,0,0
1.1234972476959229,0,0
1.144322395324707,0,0
1.1641833782196045,0,0
1.1842546463012695,0,0
1.2057194709777832,0,0
1.2256865501403809,0,0
1.2463266849517822,0,0
1.2662546634674072,0,0
1.285867691040039,0,0
1.307128667831421,0,0
1.326859951019287,0,0
1.3477799892425537,0,0
1.3681831359863281,0,0
1.388843297958374,0,0
1.408886194229126,0,0
1.4286394119262695,0,0
1.4489209651947021,0,0
1.468245506286621,0,0
1.493239402770996,0,0
1.5158650875091553,0,0
1.5362377166748047,0,0
1.5567400455474854,0,0
1.5766348838806152,0,0
1.5972058773040771,0,0
1.6175563335418701,0,0
1.6375718116760254,0,0
1.6580629348754883,0,0
1.677809476852417,0,0
1.69805908203125,0,0
1.7186484336853027,0,0
1.7382011413574219,0,0
1.7588403224945068,0,0
1.7788326740264893,0,0
1.7995309829711914,0,0
1.8188347816467285,0,0
1.838989019393921,0,0
1.863325595855713,0,0
1.8832459449768066,0,0
1.9109625816345215,0,0
1.9309070110321045,0,0
1.9514389038085938,0,0
1.9712953567504883,0,0
1.991119384765625,0,0
