0.020013809204101562,0,0
0.03999590873718262,0,0
0.06391263008117676,0,0
0.08603405952453613,0,0
0.10575532913208008,0,0
0.1265256404876709,0,0
0.1461472511291504,0,0
0.16581988334655762,0,0
0.1866776943206787,0,0
0.2069563865661621,0,0
0.2275395393371582,0,0
0.24747920036315918,0,0
0.2672851085662842,0,0
0.28847742080688477,0,0
0.3090658187866211,0,0
0.3303568363189697,0,0
0.35062742233276367,0,0
0.3701176643371582,0,0
0.39098596572875977,0,0
0.4104948043823242,0,0
0.43064284324645996,0,0
0.4505617618560791,0,0
0.4783639907836914,0,0
0.4977388381958008,0,0
0.5175831317901611,0,0
0.538323163986206,0,0
0.5576961040496826,0,0
0.5774986743927002,0,0
0.5983898639678955,0,0
0.6177456378936768,0,0
0.6390607357025146,0,0
0.6584200859069824,0,0
0.6777677536010742,0,0
0.6986641883850098,0,0
0.7185990810394287,0,0
0.7401118278503418,0,0
0.7600986957550049,0,0
0.7802047729492188,0,0
0.8031764030456543,0,0
0.8226304054260254,0,0
0.8444011211395264,0,0
0.8709754943847656,0,0
0.8915319442749023,0,0
0.9116330146789551,0,0
0.9311883449554443,0,0
0.9517695903778076,0,0
0.9724431037902832,0,0
0.9931411743164062,0,0
1.0125727653503418,0,0
1.0323240756988525,0,0
1.0532748699188232,0,0
1.0730137825012207,0,0
1.093520164489746,0,0
1.1131694316864014,0,0
1.1330242156982422,0,0
1.1532680988311768,0,0
1.172614336013794,0,0
1.1934897899627686,0,0
1.2125999927520752,0,0
1.2330286502838135,0,0
1.253861427307129,0,0
1.28057861328125,0,0
1.3012101650238037,0,0
1.3216583728790283,0,0
1.3410944938659668,0,0
1.3617606163024902,0,0
1.381906270980835,0,0
1.4026379585266113,0,0
1.4211986064910889,0,0
1.4425592422485352,0,0
1.463433027267456,0,0
1.4825897216796875,0,0
1.5037665367126465,0,0
1.5231850147247314,0,0
1.5431978702545166,0,0
1.56386137008667,0,0
1.5825815200805664,0,0
1.6040163040161133,0,0
1.6244008541107178,0,0
1.6439433097839355,0,0
1.6696417331695557,0,0
1.6911821365356445,0,0
1.7117228507995605,0,0
1.7312641143798828,0,0
1.7523565292358398,0,0
1.772115707397461,0,0
1.7920515537261963,0,0
1.8123574256896973,0,0
1.8324546813964844,0,0
1.8530986309051514,0,0
1.8729186058044434,0,0
1.8923661708831787,0,0
1.9130589962005615,0,0
1.9324524402618408,0,0
1.952510118484497,0,0
1.9731073379516602,0,0
1.9932019710540771,0,0
2.0135927200317383,0,0
