0.019049882888793945,-1,-6
0.03887534141540527,-2,-33
0.05886960029602051,-5,-77
0.07767939567565918,-7,-124
0.09704184532165527,-10,-144
0.1240534782409668,-14,-158
0.1436457633972168,-17,-164
0.16341614723205566,-20,-167
0.18327021598815918,-24,-173
0.2026348114013672,-27,-173
0.22272992134094238,-31,-178
0.24310612678527832,-35,-179
0.26325559616088867,-38,-174
0.28307485580444336,-42,-176
0.30273866653442383,-45,-178
0.3229992389678955,-49,-176
0.34681177139282227,-53,-178
0.3846919536590576,-60,-178
0.40409016609191895,-63,-180
0.424696683883667,-67,-177
0.44394445419311523,-70,-178
0.46334409713745117,-74,-181
0.4831509590148926,-77,-178
0.5087885856628418,-82,-177
0.529017448425293,-86,-177
0.5477738380432129,-89,-177
0.5687897205352783,-93,-176
0.5879302024841309,-96,-182
0.6074929237365723,-100,-180
0.6277775764465332,-103,-179
0.6475245952606201,-107,-177
0.6670103073120117,-110,-178
0.6877737045288086,-114,-179
0.7073209285736084,-118,-177
0.7276787757873535,-121,-184
0.747122049331665,-124,-173
0.766956090927124,-128,-173
0.7875015735626221,-132,-174
0.8071866035461426,-135,-178
0.8276157379150391,-139,-177
0.8472499847412109,-142,-179
0.8669474124908447,-146,-179
0.8875508308410645,-150,-182
0.9130325317382812,-154,-178
0.933398962020874,-158,-175
0.953045129776001,-161,-177
0.9735305309295654,-165,-176
0.9929490089416504,-168,-177
1.0122442245483398,-172,-179
1.0330045223236084,-175,-177
1.052248239517212,-179,-175
1.0714857578277588,-182,-181
1.0918254852294922,-186,-175
1.1111199855804443,-189,-178
1.1312830448150635,-193,-177
1.1502010822296143,-196,-180
1.1692001819610596,-200,-176
1.1909668445587158,-204,-178
1.2105486392974854,-207,-175
1.2307486534118652,-211,-179
1.2509245872497559,-214,-176
1.2691640853881836,-218,-181
1.2911608219146729,-221,-179
1.3166558742523193,-226,-178
1.3369734287261963,-229,-177
1.3568060398101807,-233,-178
1.3761579990386963,-237,-177
1.3969981670379639,-240,-177
1.4165573120117188,-244,-176
1.4368557929992676,-247,-177
1.4562194347381592,-251,-175
1.4756121635437012,-254,-176
1.4956705570220947,-258,-177
1.5154268741607666,-261,-179
1.5354576110839844,-265,-178
1.5549838542938232,-268,-178
1.5749156475067139,-272,-177
1.5954070091247559,-275,-176
1.6287777423858643,-282,-179
1.6491236686706543,-285,-175
1.6686933040618896,-289,-178
1.6889331340789795,-292,-178
1.71464204788208,-297,-174
1.7335622310638428,-300,-179
1.7541611194610596,-304,-176
1.7734310626983643,-307,-179
1.7946302890777588,-311,-180
1.8136818408966064,-315,-181
1.8334925174713135,-318,-175
1.8535091876983643,-322,-175
1.8727350234985352,-325,-175
1.8932421207427979,-328,-176
1.9127187728881836,-332,-179
1.9328479766845703,-335,-174
1.9529900550842285,-339,-179
1.972247838973999,-342,-176
1.9916486740112305,-346,-178
2.012000560760498,-350,-176
