0.06984519958496094,4,86
0.09015607833862305,7,124
0.10962986946105957,10,147
0.12935400009155273,13,160
0.14933061599731445,16,164
0.16977572441101074,20,169
0.1893460750579834,23,175
0.20920348167419434,27,175
0.22933721542358398,30,174
0.2546825408935547,35,176
0.29079771041870117,41,175
0.3157038688659668,46,176
0.3393394947052002,50,177
0.35973048210144043,53,179
0.3795444965362549,57,180
0.39934563636779785,60,181
0.41857409477233887,64,181
0.4396486282348633,68,178
0.4592876434326172,71,183
0.47971272468566895,75,181
0.4993438720703125,78,178
0.5192022323608398,82,178
0.5396244525909424,86,177
0.5593500137329102,89,177
0.5814294815063477,93,182
0.6012578010559082,97,182
0.6202037334442139,100,178
0.6400301456451416,104,182
0.6598052978515625,107,175
0.6797881126403809,111,183
0.7041189670562744,115,181
0.7357833385467529,121,178
0.773301362991333,128,178
0.7982165813446045,132,179
0.8204944133758545,137,180
0.8533101081848145,142,182
0.8724613189697266,146,175
0.8926811218261719,149,180
0.912118673324585,153,175
0.9314596652984619,156,180
0.9519968032836914,160,177
0.9713950157165527,163,181
0.9922282695770264,167,182
1.0115900039672852,170,184
1.0312042236328125,174,177
1.0517752170562744,178,183
1.0707471370697021,181,176
1.0908443927764893,185,181
1.1124742031097412,189,182
1.135702133178711,193,177
1.1558074951171875,197,179
1.1754610538482666,200,179
1.1957950592041016,204,177
1.2156102657318115,207,180
1.2356703281402588,211,183
1.2640113830566406,217,178
1.3039991855621338,223,185
1.348863124847412,231,177
1.3919153213500977,239,180
1.451469898223877,249,180
1.4945507049560547,257,176
1.5205419063568115,262,180
1.5408451557159424,266,180
1.5615172386169434,269,179
1.5807969570159912,273,178
1.6008338928222656,276,180
1.6212468147277832,280,176
1.6394603252410889,283,180
1.6612958908081055,287,181
1.6800646781921387,291,182
1.6997263431549072,294,179
1.7201530933380127,298,183
1.7393593788146973,302,178
1.7615091800689697,305,178
1.7813758850097656,309,178
1.8013033866882324,313,181
1.8214902877807617,316,179
1.8413302898406982,319,178
1.8616399765014648,323,181
1.8812792301177979,327,177
1.9003791809082031,330,180
1.9279696941375732,335,182
1.9475576877593994,339,182
1.9677610397338867,342,179
1.9872920513153076,346,177
2.00736927986145,349,177
