0.018555879592895508,-1,-17
0.03892350196838379,-7,-233
0.05832171440124512,-14,-434
0.0864872932434082,-29,-533
0.10608220100402832,-41,-598
0.1265406608581543,-54,-658
0.14625239372253418,-68,-693
0.16623306274414062,-82,-710
0.1862165927886963,-97,-745
0.2061150074005127,-112,-747
0.22602629661560059,-127,-761
0.2462911605834961,-142,-770
0.264568567276001,-158,-774
0.2865931987762451,-173,-773
0.3045947551727295,-189,-789
0.32459187507629395,-205,-776
0.34609484672546387,-220,-792
0.36510181427001953,-236,-785
0.38614678382873535,-252,-789
0.4060037136077881,-268,-792
0.4243338108062744,-284,-787
0.4460160732269287,-299,-798
0.46893310546875,-318,-790
0.49234509468078613,-336,-797
0.5122997760772705,-352,-786
0.5326063632965088,-368,-799
0.5522222518920898,-383,-791
0.5720429420471191,-399,-797
0.5926597118377686,-415,-788
0.6123874187469482,-431,-791
0.6319675445556641,-449,-795
0.6523687839508057,-463,-787
0.6723604202270508,-479,-788
0.69268798828125,-496,-796
0.7123055458068848,-510,-788
0.7321982383728027,-526,-795
0.7523891925811768,-542,-790
0.7722749710083008,-558,-794
0.79290771484375,-575,-786
0.8123610019683838,-590,-797
0.8324670791625977,-605,-792
0.8526387214660645,-622,-794
0.8785650730133057,-642,-790
0.8992233276367188,-659,-792
0.9189167022705078,-675,-795
0.93953537940979,-691,-791
0.958946704864502,-707,-794
0.9781396389007568,-721,-792
0.998579740524292,-737,-792
1.0182466506958008,-753,-797
1.0376172065734863,-769,-790
1.0580723285675049,-785,-797
1.0771565437316895,-801,-785
1.098088026046753,-816,-795
1.117215633392334,-832,-793
1.1369881629943848,-848,-796
1.1580634117126465,-864,-786
1.1773626804351807,-880,-790
1.1975936889648438,-896,-788
1.217660665512085,-912,-793
1.2369251251220703,-927,-789
1.2573554515838623,-943,-790
1.2826762199401855,-964,-796
1.3029413223266602,-980,-793
1.3226892948150635,-996,-792
1.342336654663086,-1010,-790
1.362680196762085,-1027,-795
1.3822753429412842,-1042,-789
1.4028475284576416,-1059,-798
1.4223217964172363,-1073,-792
1.4423797130584717,-1089,-794
1.4626953601837158,-1107,-791
1.4824280738830566,-1121,-796
1.5028002262115479,-1138,-786
1.522453784942627,-1153,-797
1.5419538021087646,-1169,-792
1.5624613761901855,-1184,-790
1.5820720195770264,-1200,-792
1.6024541854858398,-1216,-793
1.6221795082092285,-1232,-795
1.6414008140563965,-1248,-789
1.6614892482757568,-1264,-795
1.6873633861541748,-1284,-793
1.7081491947174072,-1300,-791
1.7283916473388672,-1316,-791
1.747870683670044,-1332,-793
1.7681519985198975,-1348,-797
1.7876214981079102,-1363,-788
1.8083207607269287,-1379,-792
1.827876091003418,-1395,-792
1.8472349643707275,-1411,-793
1.8678770065307617,-1427,-787
1.8870296478271484,-1443,-795
1.9068293571472168,-1459,-786
1.9276118278503418,-1475,-792
1.947042465209961,-1491,-799
1.967928171157837,-1506,-793
1.9870531558990479,-1522,-787
2.0061607360839844,-1538,-793
