0.019626855850219727,-2,-33
0.039357662200927734,-7,-221
0.0654761791229248,-20,-503
0.08665633201599121,-33,-648
0.10536599159240723,-48,-749
0.1272289752960205,-64,-813
0.1467452049255371,-82,-867
0.16719746589660645,-99,-896
0.18665075302124023,-118,-929
0.20602130889892578,-137,-944
0.22664690017700195,-156,-964
0.24590086936950684,-175,-976
0.2667219638824463,-195,-980
0.2853431701660156,-213,-990
0.3052208423614502,-233,-988
0.3254380226135254,-254,-995
0.3446650505065918,-273,-1003
0.36531782150268555,-293,-994
0.3847017288208008,-313,-1004
0.4044148921966553,-332,-1004
0.4246506690979004,-353,-998
0.44481325149536133,-373,-1010
0.46973347663879395,-401,-1003
0.49106574058532715,-421,-1007
0.5109970569610596,-441,-1007
0.5328269004821777,-461,-1004
0.5510115623474121,-481,-1003
0.5738658905029297,-503,-1005
0.5940823554992676,-524,-1008
0.6146688461303711,-546,-1004
0.6346826553344727,-564,-1008
0.6546058654785156,-584,-1002
0.6746773719787598,-604,-1004
0.6947042942047119,-624,-1007
0.7145378589630127,-644,-1004
0.734961986541748,-664,-1004
0.754075288772583,-684,-1008
0.7749674320220947,-705,-1005
0.7945857048034668,-725,-1009
0.8144960403442383,-745,-1008
0.834648847579956,-765,-1006
0.8540859222412109,-785,-1009
0.8800768852233887,-811,-1009
0.899599552154541,-832,-1005
0.9190757274627686,-854,-1010
0.9405782222747803,-872,-1006
0.9594581127166748,-892,-1003
0.979588508605957,-912,-1008
0.9992661476135254,-932,-1002
1.0188274383544922,-950,-1008
1.0392827987670898,-972,-1001
1.058990716934204,-991,-1004
1.0792927742004395,-1012,-999
1.0988733768463135,-1031,-1004
1.1188459396362305,-1053,-1003
1.140066146850586,-1073,-1006
1.1595251560211182,-1093,-1004
1.1807613372802734,-1115,-1003
1.1995985507965088,-1133,-1006
1.2192339897155762,-1153,-1003
1.2395720481872559,-1173,-1005
1.2592582702636719,-1197,-1004
1.2867584228515625,-1219,-1004
1.3066015243530273,-1240,-1008
1.3253929615020752,-1260,-1004
1.346686601638794,-1280,-1005
1.365452766418457,-1300,-998
1.3865830898284912,-1320,-1004
1.4053921699523926,-1338,-1003
1.4255106449127197,-1360,-1006
1.4454567432403564,-1380,-1004
1.4651284217834473,-1398,-1004
1.4867072105407715,-1420,-1001
1.5055387020111084,-1440,-998
1.5251939296722412,-1458,-1006
1.5456223487854004,-1480,-1003
1.5651822090148926,-1498,-1009
1.5861127376556396,-1520,-1007
1.6050736904144287,-1539,-1006
1.6249852180480957,-1559,-998
1.6450953483581543,-1579,-1001
1.6698064804077148,-1607,-1005
1.6915397644042969,-1627,-999
1.711150884628296,-1647,-1003
1.7308001518249512,-1667,-1006
1.7525019645690918,-1687,-996
1.7709629535675049,-1707,-1000
1.7925281524658203,-1727,-1005
1.8109564781188965,-1747,-1004
1.8310520648956299,-1767,-1001
1.852130651473999,-1787,-997
1.8710458278656006,-1807,-1004
1.892103910446167,-1828,-1004
1.9121019840240479,-1848,-1005
1.9307994842529297,-1868,-1009
1.9525270462036133,-1888,-1002
1.971069574356079,-1908,-1008
1.9911181926727295,-1928,-1000
2.0109665393829346,-1948,-1005
