0.08434128761291504,23,512,3.14
0.18176794052124023,91,777,2.668761101961531
0.27797365188598633,171,818,1.4644839180854436
0.373323917388916,233,536,0.08567380900992339
0.4688730239868164,256,137,-0.978977034706618
0.5644567012786865,241,-257,-1.3280428851054835
0.6604528427124023,206,-398,-1.0487902047863904
0.7552931308746338,171,-343,-0.4204716740684322
0.8503401279449463,152,-144,0.1903935641295833
0.9467778205871582,151,6,0.5045528294885626
1.047001838684082,162,136,0.5045528294885626
1.1470272541046143,177,143,0.2951133192492428
1.2426049709320068,186,77,0.03331393145009365
1.3387527465820312,187,12,-0.10631240870945291
1.432849645614624,187,0,-0.12376570122939601
1.5291295051574707,187,0,-0.12376570122939601
1.624507188796997,187,0,-0.12376570122939601
1.7199254035949707,187,0,-0.12376570122939601
1.8141350746154785,187,0,-0.12376570122939601
1.9106464385986328,187,0,-0.12376570122939601
2.0071678161621094,187,0,-0.12376570122939601
2.11030650138855,187,0,-0.12376570122939601
2.2531557083129883,187,0,-0.12376570122939601
2.380122661590576,187,0,-0.12376570122939601
2.50532603263855,187,0,-0.12376570122939601
2.612166166305542,187,0,-0.12376570122939601
2.7072675228118896,187,0,-0.12376570122939601
2.802246570587158,187,0,-0.12376570122939601
2.8982763290405273,187,0,-0.12376570122939601
2.9932563304901123,187,0,-0.12376570122939601
3.0888559818267822,187,0,-0.12376570122939601
3.1833112239837646,187,0,-0.12376570122939601
3.27935791015625,187,0,-0.12376570122939601
3.375079870223999,187,0,-0.12376570122939601
3.4711925983428955,187,0,-0.12376570122939601
3.567248582839966,187,0,-0.12376570122939601
3.6622087955474854,187,0,-0.12376570122939601
3.7577707767486572,187,0,-0.12376570122939601
3.856802463531494,187,0,-0.12376570122939601
3.9533636569976807,187,0,-0.12376570122939601
4.049006223678589,187,0,-0.12376570122939601
4.144190311431885,187,0,-0.12376570122939601
4.240467548370361,187,0,-0.12376570122939601
4.336873292922974,187,0,-0.12376570122939601
4.432262659072876,187,0,-0.12376570122939601
4.527759790420532,187,0,-0.12376570122939601
4.633950710296631,187,0,-0.12376570122939601
4.74914026260376,187,0,-0.12376570122939601
4.857034921646118,187,0,-0.12376570122939601
4.957061290740967,187,0,-0.12376570122939601
5.0608069896698,187,0,-0.12376570122939601
5.164506196975708,187,0,-0.12376570122939601
5.2647318840026855,187,0,-0.12376570122939601
5.364760398864746,187,0,-0.12376570122939601
5.472443580627441,187,0,-0.12376570122939601
5.572398662567139,187,0,-0.12376570122939601
5.67249870300293,187,0,-0.12376570122939601
5.773089170455933,187,0,-0.12376570122939601
5.878937482833862,187,0,-0.12376570122939601
5.979177474975586,187,0,-0.12376570122939601
6.079697608947754,187,0,-0.12376570122939601
6.192923307418823,187,0,-0.12376570122939601
6.321335315704346,187,0,-0.12376570122939601
6.421343088150024,187,0,-0.12376570122939601
6.520864486694336,187,0,-0.12376570122939601
6.6208107471466064,187,0,-0.12376570122939601
6.721900224685669,187,0,-0.12376570122939601
6.822340965270996,187,0,-0.12376570122939601
6.922900915145874,187,0,-0.12376570122939601
7.024113416671753,187,0,-0.12376570122939601
7.125211238861084,187,0,-0.12376570122939601
7.226836204528809,187,0,-0.12376570122939601
7.327764272689819,187,0,-0.12376570122939601
7.4353346824646,187,0,-0.12376570122939601
7.536779403686523,187,0,-0.12376570122939601
7.637299537658691,187,0,-0.12376570122939601
7.737802743911743,187,0,-0.12376570122939601
7.838868856430054,187,0,-0.12376570122939601
7.939293622970581,187,0,-0.12376570122939601
8.039926052093506,187,0,-0.12376570122939601
8.140808343887329,187,0,-0.12376570122939601
8.242082834243774,187,0,-0.12376570122939601
8.342747449874878,187,0,-0.12376570122939601
8.4434232711792,187,0,-0.12376570122939601
8.544201135635376,187,0,-0.12376570122939601
8.645322799682617,187,0,-0.12376570122939601
8.7458336353302,187,0,-0.12376570122939601
8.846964120864868,187,0,-0.12376570122939601
8.946879625320435,187,0,-0.12376570122939601
9.047669887542725,187,0,-0.12376570122939601
9.14799427986145,187,0,-0.12376570122939601
9.248882293701172,187,0,-0.12376570122939601
9.349156856536865,187,0,-0.12376570122939601
9.448941946029663,187,0,-0.12376570122939601
9.549325466156006,187,0,-0.12376570122939601
9.648914575576782,187,0,-0.12376570122939601
9.748451948165894,187,0,-0.12376570122939601
9.848766803741455,187,0,-0.12376570122939601
9.9483060836792,187,0,-0.12376570122939601
