0.10663557052612305,0
0.12656164169311523,1
0.1433701515197754,2
0.16184782981872559,2
0.18034052848815918,1
0.19666194915771484,1
0.21570968627929688,1
0.23318147659301758,4
0.2509286403656006,4
0.2687222957611084,7
0.2934119701385498,10
0.3124406337738037,19
0.32898592948913574,27
0.3471508026123047,37
0.36556148529052734,48
0.3829629421234131,61
0.40062403678894043,73
0.41902923583984375,87
0.43723559379577637,103
0.4548170566558838,119
0.473386287689209,134
0.49100661277770996,150
0.5076489448547363,166
0.5260026454925537,182
0.5434024333953857,196
0.5620269775390625,212
0.5789275169372559,228
0.5968401432037354,244
0.6154694557189941,259
0.6328191757202148,273
0.6506717205047607,285
0.6688270568847656,298
0.6932721138000488,311
0.7106914520263672,326
0.7290573120117188,336
0.7467389106750488,345
0.7648701667785645,353
0.7825486660003662,361
0.8005075454711914,367
0.819979190826416,372
0.8366618156433105,378
0.8548562526702881,382
0.873192548751831,386
0.8908255100250244,389
0.9073758125305176,391
0.9255964756011963,393
0.9429812431335449,395
0.9608347415924072,396
0.97884202003479,397
0.9960980415344238,399
1.013350486755371,399
1.0319621562957764,400
1.0488033294677734,401
1.0667178630828857,401
1.0920474529266357,401
1.110593318939209,402
1.1284449100494385,402
1.145570993423462,402
1.1629760265350342,403
1.1811814308166504,403
1.1987700462341309,403
1.2159233093261719,403
1.2345621585845947,403
1.251763105392456,403
1.2700695991516113,403
1.2874236106872559,403
1.3048427104949951,403
1.3231539726257324,403
1.3410274982452393,403
1.3576130867004395,403
1.375809907913208,403
1.3933887481689453,403
1.4108896255493164,403
1.4285621643066406,403
1.4455902576446533,403
1.4628679752349854,403
1.4855523109436035,403
1.5040719509124756,403
1.5215561389923096,403
1.5395195484161377,403
1.5565104484558105,403
1.573002815246582,403
1.5917305946350098,403
1.6086187362670898,403
1.62577223777771,403
1.6438195705413818,403
1.6610441207885742,403
1.6775438785552979,403
1.69559907913208,403
1.7127821445465088,403
1.7311978340148926,403
1.747504472732544,403
1.7648556232452393,403
1.7831616401672363,403
1.8005599975585938,403
1.8171110153198242,403
1.8348662853240967,403
1.8517498970031738,403
1.8700156211853027,403
1.8917551040649414,403
1.9116642475128174,403
1.928704023361206,403
1.9469025135040283,403
1.9638161659240723,403
1.9810171127319336,403
1.9988923072814941,403

Error is-398.47558704557633