0.017498016357421875,0
0.027189970016479492,0
0.034995079040527344,1
0.043973684310913086,3
0.05300188064575195,5
0.06181621551513672,9
0.07177257537841797,13
0.08062458038330078,17
0.08996701240539551,22
0.09921550750732422,27
0.10790538787841797,33
0.11687278747558594,39
0.12638139724731445,44
0.13443827629089355,51
0.1432952880859375,58
0.15314531326293945,64
0.1619582176208496,71
0.17084240913391113,77
0.1806621551513672,85
0.1896350383758545,91
0.2039031982421875,99
0.22375726699829102,113
0.23444199562072754,128
0.2520463466644287,139
0.2723689079284668,152
0.28946352005004883,167
0.3037412166595459,182
0.3211827278137207,196
0.339768648147583,207
0.3531057834625244,224
0.37241339683532715,234
0.3839282989501953,249
0.40161585807800293,260
0.4144582748413086,278
0.4354536533355713,290
0.45034289360046387,304
0.4669053554534912,315
0.48084306716918945,329
0.49769115447998047,344
0.5160171985626221,358
0.5324544906616211,371
0.5493946075439453,385
0.5631215572357178,402
0.582921028137207,411
0.59470534324646,423
0.6237139701843262,429
0.6477751731872559,432
0.6675887107849121,426
0.6839137077331543,419
0.6993951797485352,408
0.7191519737243652,402
0.730039119720459,392
0.7509510517120361,386
0.7663116455078125,382
0.781606912612915,382
0.7976233959197998,384
0.8136579990386963,389
0.8279457092285156,394
0.844703197479248,400
0.8633244037628174,405
0.8749270439147949,411
0.8963909149169922,412
0.9105143547058105,412
0.9268958568572998,411
0.9404914379119873,408
0.9644064903259277,404
0.9773221015930176,399
0.9960103034973145,396
1.010688066482544,393
1.0264039039611816,393
1.0409629344940186,393
1.057222604751587,394
1.0807976722717285,395
1.0933172702789307,399
1.1137816905975342,402
1.1245439052581787,404
1.1437315940856934,405
1.157059907913208,405
1.1769800186157227,405
1.187168836593628,403
1.2076504230499268,402
1.2219221591949463,400
1.2394378185272217,399
1.2543513774871826,398
1.2704508304595947,397
1.2862730026245117,397
1.3018162250518799,398
1.3174657821655273,399
1.3320481777191162,399
1.3504393100738525,400
1.3633317947387695,401
1.3836588859558105,401
1.3972389698028564,401
1.4169025421142578,401
1.4284265041351318,400
1.4472520351409912,400
1.470672607421875,400
1.4846386909484863,400
1.5009655952453613,400
1.5185463428497314,400
1.5347702503204346,400
1.548628807067871,400
1.569004774093628,400
1.57958984375,400
1.59928560256958,400
1.6103615760803223,400
1.6298458576202393,400
1.6442975997924805,400
1.6608548164367676,400
1.6762843132019043,400
1.6914141178131104,400
1.7073118686676025,400
1.723811149597168,400
1.737494707107544,400
1.7536273002624512,400
1.7698452472686768,400
1.7845854759216309,400
1.7999379634857178,400
1.8159246444702148,400
1.8325693607330322,400
1.8453726768493652,400
1.863121747970581,400
1.879286766052246,400
1.8935692310333252,400
1.9098479747772217,400
1.9268462657928467,400
1.939659595489502,400
1.959864854812622,400
1.978254795074463,400
1.9930298328399658,400
2.0085930824279785,400
2.0217976570129395,400
2.038625717163086,400
2.052719831466675,400
2.0692179203033447,400
2.0867223739624023,400
2.0995233058929443,400
2.117342710494995,400
2.129793643951416,400
2.1469826698303223,400
2.1636271476745605,400
2.178725481033325,400
2.193190813064575,400
2.208427906036377,400
2.223618984222412,400
2.2389445304870605,400
2.2536492347717285,400
2.272862195968628,400
2.290750741958618,400
2.302554130554199,400
2.319882392883301,400
2.3330962657928467,400
2.350039005279541,400
2.3630013465881348,400
2.3809316158294678,400
2.3935718536376953,400
2.4109010696411133,400
2.424675226211548,400
2.4418704509735107,400
2.4544661045074463,400
2.4750094413757324,400
2.4902851581573486,400
2.506040096282959,400
2.5204062461853027,400
2.537095546722412,400
2.5508761405944824,400
2.567227363586426,400
2.5818052291870117,400
2.597881317138672,400
2.6117403507232666,400
2.6297361850738525,400
2.644352674484253,400
2.6594769954681396,400
2.6770565509796143,400
2.693101406097412,400
2.707622528076172,400
2.723905563354492,400
2.7432377338409424,400
2.7538938522338867,400
2.7739357948303223,400
2.7845237255096436,400
2.8017749786376953,400
2.8143422603607178,400
2.8320062160491943,400
2.8448939323425293,400
2.8647632598876953,400
2.880500078201294,400
2.896801710128784,400
2.9103474617004395,400
2.927072525024414,400
2.9407546520233154,400
2.9569835662841797,400
2.9706687927246094,400
2.9873173236846924,400
3.001140594482422,400
3.017516613006592,400
3.0311572551727295,400
3.0476458072662354,400
3.0616095066070557,400
3.0819575786590576,400
3.098935604095459,400
3.1132559776306152,400
3.127882719039917,400
3.1439645290374756,400
3.1633245944976807,400
3.1753737926483154,400
3.1938345432281494,400
3.206794261932373,400
3.223888874053955,400
3.237166404724121,400
3.257007122039795,400
3.2708163261413574,400
3.287611484527588,400
3.301631212234497,400
3.3180065155029297,400
3.3443148136138916,400
3.3568105697631836,400
3.3739781379699707,400
3.390796184539795,400
3.407597541809082,400
3.421015977859497,400
3.4399378299713135,400
3.4545156955718994,400
3.4695539474487305,400
3.4932267665863037,400
3.5048000812530518,400
3.5220093727111816,400
3.5404415130615234,400
3.5568695068359375,400
3.570514440536499,400
3.5872888565063477,400
3.6016838550567627,400
3.6179327964782715,400
3.6318681240081787,400
3.649765729904175,400
3.6644930839538574,400
3.6795151233673096,400
3.6942927837371826,400
3.7100162506103516,400
3.7248759269714355,400
3.74143123626709,400
3.7598838806152344,400
3.7743544578552246,400
3.7929184436798096,400
3.8048629760742188,400
3.823800802230835,400
3.83474063873291,400
3.8564298152923584,400
3.870340347290039,400
3.88905668258667,400
3.903634548187256,400
3.9210457801818848,400
3.9384818077087402,400
3.9517269134521484,400
3.9673397541046143,400
3.9816575050354004,400
3.9995968341827393,400
4.012455701828003,400
4.029674768447876,400
4.043216705322266,400
4.062356948852539,400
4.072943687438965,400
4.090472221374512,400
4.103811740875244,400
4.123326539993286,400
4.1336283683776855,400
4.154510974884033,400
4.1649415493011475,400
4.184781074523926,400
4.200612783432007,400
4.216912508010864,400
4.230499744415283,400
4.2471842765808105,400
4.260869026184082,400
4.281715631484985,400
4.29802393913269,400
4.313352346420288,400
4.329667568206787,400
4.346756219863892,400
4.361988067626953,400
4.377239227294922,400
4.393769979476929,400
4.407815933227539,400
4.426320552825928,400
4.438828468322754,400
4.457704782485962,400
4.469413757324219,400
4.487582206726074,400
4.49905252456665,400
4.519583463668823,400
4.529568195343018,400
4.547854661941528,400
4.56399941444397,400
4.581603527069092,400
4.596009969711304,400
4.613704204559326,400
4.629391193389893,400
4.644862651824951,400
4.662928819656372,400
4.68448543548584,400
4.700029134750366,400
4.718906402587891,400
4.732793092727661,400
4.747221946716309,400
4.763358116149902,400
4.777666807174683,400
4.79271936416626,400
4.8127171993255615,400
4.8235087394714355,400
4.84272837638855,400
4.853706359863281,400
4.873871564865112,400
4.884432554244995,400
4.903409242630005,400
4.914851665496826,400
4.934499740600586,400
4.944523334503174,400
4.964475154876709,400
4.9746387004852295,400
4.991842746734619,400
5.004364967346191,400

Error is0