0.03582572937011719,0
0.051611900329589844,0
0.0676572322845459,4
0.07673883438110352,8
0.08601546287536621,12
0.09870386123657227,17
0.10804367065429688,24
0.11835193634033203,30
0.12770557403564453,36
0.1368424892425537,42
0.14619684219360352,48
0.15555262565612793,55
0.16555380821228027,61
0.17441773414611816,68
0.1833634376525879,76
0.1915128231048584,82
0.20064759254455566,89
0.20995330810546875,96
0.22018122673034668,104
0.229017972946167,112
0.2445385456085205,118
0.2637138366699219,132
0.28053998947143555,147
0.2962160110473633,164
0.31576085090637207,174
0.3280317783355713,190
0.34873437881469727,205
0.3593122959136963,217
0.3789956569671631,231
0.3962066173553467,246
0.41341567039489746,259
0.44599127769470215,278
0.4616973400115967,303
0.4833040237426758,317
0.4999871253967285,330
0.5183582305908203,349
0.5344231128692627,363
0.5510120391845703,376
0.5683691501617432,390
0.5839688777923584,407
0.6029806137084961,416
0.619680643081665,427
0.6369178295135498,431
0.6518881320953369,433
0.6689670085906982,430
0.6871678829193115,426
0.7000279426574707,418
0.7187342643737793,410
0.731426477432251,398
0.7508840560913086,390
0.767859935760498,384
0.7844066619873047,382
0.7986114025115967,383
0.8168070316314697,387
0.8318688869476318,393
0.8477828502655029,401
0.8646674156188965,409
0.8798291683197021,415
0.9015724658966064,416
0.9162023067474365,413
0.9359512329101562,410
0.9469277858734131,401
0.969001293182373,393
0.9847571849822998,385
1.0015230178833008,382
1.0177865028381348,382
1.0338413715362549,386
1.048642873764038,390
1.0650091171264648,398
1.0841500759124756,406
1.0959970951080322,418
1.1169018745422363,422
1.1337783336639404,424
1.1489708423614502,422
1.1692607402801514,418
1.1807379722595215,410
1.1984381675720215,404
1.2116062641143799,391
1.232999563217163,383
1.24774169921875,377
1.264462947845459,375
1.2812395095825195,376
1.2974274158477783,381
1.3243749141693115,390
1.338970422744751,401
1.3568284511566162,410
1.3756687641143799,415
1.3885772228240967,417
1.4064505100250244,416
1.420567274093628,410
1.4403293132781982,406
1.4514222145080566,395
1.4723925590515137,388
1.4876670837402344,383
1.5042352676391602,382
1.5184524059295654,384
1.5368893146514893,389
1.5528628826141357,395
1.5678479671478271,404
1.5866968631744385,412
1.6000137329101562,418
1.6197452545166016,419
1.6315481662750244,417
1.6517622470855713,412
1.667149305343628,405
1.6845471858978271,398
1.7029831409454346,389
1.7201311588287354,384
1.7379157543182373,383
1.7519340515136719,387
1.7705729007720947,391
1.7844605445861816,402
1.8040714263916016,408
1.8187675476074219,413
1.8377861976623535,412
1.8540589809417725,410
1.8688371181488037,404
1.8875083923339844,398
1.9006755352020264,391
1.9204072952270508,388
1.9334173202514648,390
1.9540960788726807,393
1.9712467193603516,401
1.987802505493164,408
2.003972291946411,411
2.0184435844421387,412
2.036909341812134,409
2.0503556728363037,403
2.070101499557495,398
2.087222099304199,388
2.106947660446167,385
2.124382257461548,386
2.1408004760742188,390
2.1597447395324707,395
2.171505928039551,404
2.1939287185668945,413
2.208115816116333,418
2.2249929904937744,418
2.2430150508880615,415
2.257925510406494,409
2.2759478092193604,403
2.2896411418914795,392
2.307429790496826,387
2.3201701641082764,380
2.338588237762451,378
2.351875066757202,381
2.373284339904785,385
2.389662265777588,391
2.404841423034668,399
2.421348810195923,410
2.437811851501465,418
2.4539730548858643,421
2.4687817096710205,421
2.487518787384033,419
2.500351667404175,414
2.524177312850952,404
2.541264533996582,396
2.5577661991119385,386
2.5728800296783447,381
2.5905630588531494,380
2.606456756591797,382
2.621872901916504,387
2.637681245803833,393
2.6540298461914062,402
2.6688570976257324,409
2.684601306915283,414
2.705695152282715,416
2.7163174152374268,413
2.736341714859009,408
2.7516653537750244,402
2.7682881355285645,393
2.783846378326416,385
2.8009531497955322,381
2.8169775009155273,379
2.8328895568847656,382
2.8489980697631836,386
2.864577293395996,396
2.883755922317505,401
2.9011991024017334,410
2.9230072498321533,418
2.937730073928833,418
2.95603346824646,416
2.9729127883911133,411
2.987422466278076,404
3.005692720413208,398
3.0187034606933594,389
3.0347280502319336,385
3.050473928451538,385
3.068129777908325,387
3.0813424587249756,393
3.101881265640259,400
3.1176726818084717,408
3.134312152862549,413
3.150322914123535,416
3.1668860912323,415
3.182873010635376,412
3.1988015174865723,406
3.216660499572754,400
3.2298247814178467,390
3.2486462593078613,386
3.261387825012207,383
3.278980255126953,384
3.292389392852783,388
3.318380832672119,396
3.3357934951782227,405
3.351285457611084,413
3.3700506687164307,418
3.381856679916382,419
3.4043784141540527,415
3.418671131134033,410
3.436434745788574,403
3.4517881870269775,394
3.4678406715393066,386
3.4841086864471436,382
3.498598098754883,381
3.5191867351531982,382
3.5303902626037598,388
3.5502281188964844,393
3.5628268718719482,405
3.5819008350372314,412
3.5977752208709717,417
3.614694356918335,419
3.6311657428741455,417
3.646714448928833,412
3.6619067192077637,407
3.678184747695923,398
3.694415807723999,391
3.714155435562134,385
3.731823205947876,384
3.7453787326812744,387
3.7642722129821777,391
3.7770025730133057,401
3.7969250679016113,408
3.8141000270843506,413
3.8308489322662354,415
3.847194194793701,413
3.8636257648468018,409
3.880887031555176,403
3.8991782665252686,393
3.916071653366089,385
3.9305341243743896,380
3.9474849700927734,379
3.964522361755371,381
3.9801583290100098,388
3.997912645339966,393
4.011827707290649,404
4.032747030258179,412
4.047516584396362,417
4.064410924911499,418
4.0787742137908936,417
4.096559286117554,413
4.117831230163574,407
4.133790016174316,396
4.14859414100647,389
4.1654133796691895,384
4.184109926223755,382
4.195942163467407,384
4.216423511505127,388
4.23361611366272,396
4.249368190765381,403
4.266814947128296,411
4.281338453292847,418
4.298614978790283,419
4.311798334121704,416
4.33423924446106,412
4.348546743392944,405
4.366976737976074,397
4.381828308105469,389
4.397891044616699,384
4.415866851806641,384
4.429508686065674,387
4.447251796722412,390
4.4600510597229,398
4.480297327041626,405
4.49153733253479,416
4.516927003860474,420
4.533915996551514,421
4.548621416091919,418
4.564305305480957,413
4.582893371582031,405
4.597921371459961,397
4.613619565963745,388
4.630693674087524,385
4.645512819290161,384
4.665510892868042,385
4.676647186279297,391
4.696393966674805,398
4.711392164230347,406
4.727984189987183,416
4.743844985961914,420
4.76033091545105,421
4.775004863739014,420
4.79176664352417,416
4.807826042175293,410
4.833822250366211,401
4.852851629257202,389
4.867659568786621,379
4.884965181350708,376
4.900555372238159,375
4.921606779098511,378
4.940853118896484,384
4.95963978767395,394
4.976634502410889,402
4.991004467010498,414
5.008623838424683,418

Error is-18