0.018605947494506836,1,14
0.039153099060058594,6,44
0.058675289154052734,12,300
0.07913565635681152,20,392
0.09826087951660156,28,448
0.11819601058959961,38,487
0.1382579803466797,48,517
0.15810823440551758,59,541
0.17667555809020996,70,552
0.19823908805847168,81,563
0.21831798553466797,93,575
0.23830103874206543,104,573
0.25799131393432617,116,584
0.27847933769226074,128,583
0.3043508529663086,143,589
0.3236114978790283,155,587
0.3443000316619873,167,584
0.3640148639678955,178,596
0.38468289375305176,190,586
0.40439486503601074,202,588
0.4242434501647949,214,595
0.4443955421447754,226,585
0.46432948112487793,238,591
0.4844522476196289,249,593
0.5043363571166992,261,593
0.5236177444458008,273,592
0.5444011688232422,285,592
0.5642094612121582,297,590
0.5843100547790527,309,598
0.6036741733551025,321,593
0.623119592666626,332,589
0.6435294151306152,344,594
0.6629717350006104,356,597
0.6831142902374268,368,590
0.709721565246582,383,596
0.7291839122772217,395,598
0.7493267059326172,407,589
0.7691700458526611,419,593
0.7904865741729736,431,593
0.810128927230835,443,590
0.8293602466583252,454,597
0.8500514030456543,466,597
0.8693339824676514,478,596
0.8896687030792236,490,587
0.9087955951690674,501,597
0.9285039901733398,513,588
0.9486901760101318,524,590
0.9682028293609619,536,599
0.9870984554290771,548,587
1.0079917907714844,560,597
1.0265135765075684,572,594
1.0476679801940918,584,594
1.0663597583770752,595,590
1.0856044292449951,610,589
1.1127536296844482,622,593
1.1323015689849854,633,592
1.1524875164031982,645,592
1.1722593307495117,657,592
1.1926169395446777,669,592
1.212841272354126,681,592
1.232234239578247,693,594
1.2524702548980713,705,591
1.2722225189208984,717,595
1.2912952899932861,728,586
1.3122069835662842,740,594
1.3307914733886719,751,595
1.3515434265136719,764,588
1.3716132640838623,776,596
1.3906543254852295,787,588
1.4109938144683838,799,590
1.4307751655578613,810,589
1.452169418334961,823,598
1.4715595245361328,835,588
1.4947268962860107,849,597
1.5176928043365479,862,588
1.5365302562713623,874,589
1.5565314292907715,886,594
1.5765535831451416,898,590
1.5960798263549805,910,597
1.6162784099578857,922,593
1.6350822448730469,932,590
1.6562635898590088,945,592
1.6750617027282715,956,595
1.6946954727172852,967,591
1.7150702476501465,980,593
1.7346107959747314,991,590
1.7549822330474854,1003,595
1.7745983600616455,1014,595
1.7944228649139404,1026,589
1.814765214920044,1039,593
1.8345575332641602,1050,594
1.8547842502593994,1063,593
1.874281406402588,1073,590
1.899411678314209,1089,590
1.9207379817962646,1101,589
1.9403762817382812,1112,589
1.9607043266296387,1124,596
1.9801921844482422,1136,591
1.999244213104248,1148,591
