0.018626689910888672,1,19
0.03794741630554199,6,205
0.05835413932800293,14,382
0.07819008827209473,24,500
0.0984201431274414,36,576
0.1178903579711914,48,634
0.13722777366638184,62,678
0.15787386894226074,76,705
0.17805743217468262,91,727
0.19871139526367188,106,748
0.21799230575561523,121,758
0.2371997833251953,136,766
0.2573544979095459,152,777
0.2830190658569336,172,786
0.3041527271270752,189,785
0.3230133056640625,204,788
0.34240031242370605,218,789
0.36282801628112793,235,795
0.38254499435424805,250,795
0.4029109477996826,267,789
0.42232346534729004,281,794
0.4423074722290039,297,792
0.4624917507171631,313,795
0.4826364517211914,331,794
0.5029916763305664,347,795
0.522580623626709,361,799
0.5423216819763184,377,794
0.5628542900085449,394,793
0.5823960304260254,409,788
0.6031005382537842,426,792
0.6228349208831787,442,793
0.6425166130065918,456,796
0.6628503799438477,474,794
0.6888959407806396,494,790
0.7092738151550293,510,791
0.7295117378234863,526,795
0.7484958171844482,540,795
0.7693445682525635,558,796
0.7887639999389648,572,795
0.8089718818664551,590,792
0.8284013271331787,604,796
0.8479409217834473,620,793
0.868093729019165,636,796
0.8876018524169922,652,793
0.9069061279296875,668,796
0.9279079437255859,683,794
0.9469795227050781,699,795
0.9678053855895996,715,799
0.9868416786193848,731,791
1.0063278675079346,746,799
1.026205062866211,762,788
1.046370267868042,777,798
1.0665676593780518,793,795
1.0922143459320068,814,795
1.112640619277954,831,789
1.1323301792144775,846,793
1.1515867710113525,862,794
1.1728391647338867,879,794
1.1925885677337646,894,796
1.2122623920440674,911,794
1.2327711582183838,927,796
1.252363681793213,941,794
1.2728767395019531,959,794
1.2925324440002441,973,795
1.3121590614318848,989,795
1.3327484130859375,1007,796
1.352405309677124,1021,788
1.3726158142089844,1038,795
1.392406702041626,1053,792
1.412024736404419,1069,797
1.4324150085449219,1085,793
1.4522488117218018,1100,796
1.472423791885376,1116,790
1.4982869625091553,1137,798
1.5172932147979736,1154,792
1.538386583328247,1169,795
1.5579912662506104,1185,790
1.5783982276916504,1201,798
1.5980339050292969,1216,787
1.6179242134094238,1232,795
1.6383190155029297,1248,792
1.6571974754333496,1264,794
1.678292989730835,1280,798
1.6979420185089111,1296,792
1.7170944213867188,1312,794
1.737497329711914,1328,796
1.7567238807678223,1342,794
1.7779486179351807,1359,790
1.7969412803649902,1375,790
1.8161602020263672,1390,797
1.8366410732269287,1406,797
1.8560574054718018,1421,791
1.8744935989379883,1441,794
1.9013900756835938,1458,794
1.920816421508789,1473,797
1.9410204887390137,1490,791
1.96051025390625,1504,792
1.9813599586486816,1522,796
2.0008156299591064,1536,795
