0.018850088119506836,1,7
0.039092302322387695,3,65
0.058631181716918945,7,192
0.07715034484863281,13,258
0.09718871116638184,19,298
0.1170492172241211,25,325
0.13567042350769043,32,342
0.15592217445373535,39,353
0.17547821998596191,46,362
0.1956326961517334,53,369
0.21522235870361328,62,378
0.2609429359436035,77,379
0.30996131896972656,97,392
0.35675954818725586,116,379
0.4148135185241699,137,387
0.4626195430755615,155,380
0.4814577102661133,162,389
0.5022203922271729,171,389
0.5213520526885986,177,387
0.5411357879638672,185,383
0.5616347789764404,194,385
0.581012487411499,201,385
0.6011838912963867,208,382
0.620863676071167,216,388
0.6400055885314941,224,387
0.6606898307800293,231,381
0.6806464195251465,239,387
0.7088820934295654,250,393
0.7289352416992188,258,385
0.7491140365600586,265,382
0.7686846256256104,273,387
0.7885127067565918,281,384
0.8090147972106934,289,389
0.8282349109649658,296,383
0.8471903800964355,304,384
0.868499755859375,312,386
0.8870894908905029,319,388
0.9071929454803467,327,386
0.927011251449585,335,389
0.9469366073608398,343,380
0.9682216644287109,350,387
0.9870781898498535,358,385
1.008725643157959,366,390
1.0271589756011963,374,383
1.047008991241455,381,381
1.0671534538269043,389,389
1.0870656967163086,398,381
1.1136434078216553,407,389
1.133268117904663,414,385
1.1536107063293457,422,382
1.1729116439819336,429,382
1.1927545070648193,437,390
1.2129583358764648,445,387
1.233489751815796,452,385
1.2528815269470215,461,382
1.2732977867126465,468,392
1.2926247119903564,475,383
1.3132143020629883,483,386
1.3321528434753418,491,384
1.351252794265747,498,383
1.371945858001709,506,391
1.3910267353057861,513,385
1.4116315841674805,522,383
1.4309442043304443,529,386
1.4507222175598145,536,385
1.4709563255310059,544,387
1.4948885440826416,553,390
1.5168793201446533,563,385
1.535801887512207,570,386
1.5551316738128662,577,385
1.576122760772705,585,390
1.5955016613006592,593,387
1.6159424781799316,601,386
1.6351327896118164,608,381
1.6550464630126953,615,383
1.6756656169891357,624,391
1.6953496932983398,632,391
1.715653657913208,639,382
1.7353105545043945,647,383
1.7548043727874756,654,389
1.7753551006317139,663,387
1.7950208187103271,669,387
1.815401554107666,678,383
1.834960699081421,685,383
1.8548812866210938,693,386
1.8753352165222168,701,390
1.901115894317627,710,381
1.9211723804473877,718,386
1.940950632095337,726,388
1.9606950283050537,734,383
1.9809329509735107,741,389
1.9999797344207764,749,387
