0.027606964111328125,-2,-19
0.046149253845214844,-7,-242
0.06765103340148926,-14,-342
0.0925302505493164,-25,-424
0.11384439468383789,-35,-481
0.13304519653320312,-45,-512
0.15261316299438477,-55,-526
0.17282819747924805,-66,-546
0.19300031661987305,-78,-559
0.21318435668945312,-89,-567
0.23260188102722168,-100,-565
0.2519876956939697,-111,-585
0.2725245952606201,-124,-577
0.29175472259521484,-134,-584
0.31189775466918945,-146,-587
0.33234071731567383,-158,-586
0.3517298698425293,-169,-585
0.372100830078125,-181,-591
0.39173269271850586,-193,-584
0.41091394424438477,-205,-590
0.431607723236084,-216,-587
0.45107364654541016,-228,-590
0.47171640396118164,-240,-586
0.49832963943481445,-256,-591
0.5184862613677979,-268,-583
0.5380337238311768,-279,-594
0.557720422744751,-291,-588
0.5777177810668945,-302,-589
0.5975446701049805,-314,-593
0.6217617988586426,-329,-593
0.6575169563293457,-350,-596
0.6859638690948486,-367,-592
0.7047691345214844,-378,-589
0.7325351238250732,-396,-588
0.760422945022583,-410,-589
0.7810220718383789,-423,-592
0.8000948429107666,-434,-591
0.8199782371520996,-445,-586
0.8404784202575684,-458,-594
0.8597016334533691,-469,-588
0.8805303573608398,-482,-588
0.9060568809509277,-497,-594
0.9258792400360107,-509,-585
0.9461243152618408,-521,-590
0.9660780429840088,-533,-594
0.9871339797973633,-544,-584
1.006026029586792,-556,-591
1.024916410446167,-567,-594
1.0459136962890625,-580,-586
1.0646851062774658,-590,-589
1.0856328010559082,-602,-593
1.104457139968872,-614,-589
1.1239886283874512,-625,-589
1.144465684890747,-638,-595
1.1638917922973633,-648,-584
1.183835744857788,-662,-590
1.2047019004821777,-673,-593
1.224241018295288,-685,-589
1.2445313930511475,-697,-593
1.264106035232544,-708,-592
1.2837276458740234,-719,-585
1.3105947971343994,-736,-590
1.329944372177124,-746,-593
1.3504338264465332,-758,-587
1.369870901107788,-770,-593
1.389430046081543,-782,-588
1.4096815586090088,-794,-587
1.4289159774780273,-805,-590
1.4496731758117676,-817,-593
1.4698295593261719,-829,-588
1.4888207912445068,-841,-586
1.5097167491912842,-853,-592
1.5288934707641602,-864,-584
1.549712896347046,-876,-591
1.5687386989593506,-888,-589
1.5887820720672607,-900,-586
1.609424352645874,-912,-588
1.6285407543182373,-923,-590
1.6487181186676025,-935,-588
1.668320655822754,-946,-594
1.691857099533081,-960,-584
1.713850975036621,-973,-589
1.7336299419403076,-985,-587
1.753929853439331,-997,-595
1.7735869884490967,-1008,-583
1.79264235496521,-1020,-594
1.8126988410949707,-1032,-588
1.8322205543518066,-1043,-586
1.8522510528564453,-1055,-594
1.8724188804626465,-1066,-587
1.8919379711151123,-1078,-590
1.9123456478118896,-1090,-591
1.9317197799682617,-1102,-594
1.9524235725402832,-1114,-585
1.9718732833862305,-1125,-591
1.9916253089904785,-1137,-592
2.012246608734131,-1149,-587
