0.018902301788330078,1,15
0.03925681114196777,7,278
0.05914020538330078,16,469
0.07830238342285156,28,607
0.09711503982543945,42,701
0.1172640323638916,58,797
0.13877367973327637,75,847
0.15892410278320312,93,894
0.17711877822875977,111,914
0.1972339153289795,130,935
0.21828508377075195,149,961
0.23708724975585938,169,966
0.2621164321899414,192,983
0.28392791748046875,214,989
0.30336618423461914,232,991
0.3233613967895508,252,994
0.3433115482330322,272,1003
0.36353135108947754,292,1002
0.3830411434173584,312,1004
0.40279102325439453,332,1007
0.42322444915771484,352,1003
0.44269275665283203,372,1008
0.4616506099700928,392,1009
0.48277926445007324,413,1003
0.5013837814331055,431,1010
0.5227255821228027,453,1008
0.5415780544281006,473,1010
0.5608170032501221,491,1012
0.5811061859130859,511,1011
0.6008226871490479,531,1008
0.6210997104644775,552,1008
0.6409189701080322,572,1008
0.6637914180755615,600,1011
0.6857588291168213,618,1010
0.7054646015167236,639,1011
0.7256810665130615,659,1010
0.745119571685791,677,1013
0.7650661468505859,697,1011
0.7855887413024902,719,1009
0.8052682876586914,738,1003
0.8256149291992188,760,1008
0.8451738357543945,778,1014
0.8649609088897705,798,1010
0.8856039047241211,820,1007
0.9053401947021484,839,1007
0.9255819320678711,861,1010
0.9449515342712402,879,1010
0.9649925231933594,899,1008
0.9950578212738037,929,1010
1.0149800777435303,949,1011
1.0354058742523193,972,1009
1.0550017356872559,996,1005
1.0812406539916992,1016,1007
1.101020097732544,1036,1009
1.120718002319336,1057,1010
1.1412372589111328,1077,1007
1.1612086296081543,1097,1009
1.1817002296447754,1119,1008
1.2010407447814941,1137,1004
1.2210676670074463,1157,1011
1.2411375045776367,1178,1010
1.2608311176300049,1198,1005
1.2811217308044434,1218,1010
1.3007919788360596,1238,1006
1.3202381134033203,1258,1009
1.3406949043273926,1279,1009
1.3602228164672852,1299,1007
1.381178617477417,1319,1011
1.400691032409668,1339,1011
1.4207592010498047,1359,1011
1.4411566257476807,1379,1012
1.4656391143798828,1406,1010
1.4861485958099365,1426,1010
1.5056724548339844,1446,1009
1.5252628326416016,1464,1011
1.5456454753875732,1486,1006
1.570194959640503,1511,1012
1.6007213592529297,1541,1006
1.6333770751953125,1573,1010
1.6547248363494873,1596,1012
1.6797511577606201,1622,1010
1.7105953693389893,1652,1010
1.7306454181671143,1672,1004
1.7509407997131348,1693,1014
1.7702717781066895,1713,1007
1.789689064025879,1733,1012
1.8097846508026123,1753,1004
1.8300251960754395,1773,1008
1.8506758213043213,1793,1007
1.8757238388061523,1820,1010
1.8969759941101074,1842,1008
1.9157402515411377,1860,1009
1.9353618621826172,1880,1004
1.9558546543121338,1901,1007
1.9756300449371338,1921,1005
1.9958558082580566,1941,1009
