0.0182950496673584,-1,-3
0.03889966011047363,-4,-44
0.05815768241882324,-7,-185
0.07826662063598633,-13,-257
0.10441279411315918,-21,-305
0.12499761581420898,-28,-332
0.14440274238586426,-34,-350
0.16440367698669434,-41,-357
0.18489289283752441,-49,-372
0.20437192916870117,-57,-372
0.22622108459472656,-65,-373
0.24534296989440918,-72,-376
0.26458239555358887,-79,-384
0.2850971221923828,-87,-382
0.3047206401824951,-95,-382
0.3244345188140869,-103,-384
0.34463953971862793,-110,-382
0.36455345153808594,-117,-383
0.3849365711212158,-126,-387
0.404630184173584,-133,-380
0.4244205951690674,-140,-385
0.4445936679840088,-148,-386
0.4644308090209961,-156,-391
0.4850151538848877,-165,-382
0.511404275894165,-174,-385
0.5334377288818359,-183,-382
0.5531461238861084,-190,-383
0.5723552703857422,-197,-384
0.6071243286132812,-211,-382
0.6263270378112793,-219,-382
0.6465649604797363,-226,-388
0.6664834022521973,-234,-386
0.6866083145141602,-242,-389
0.7066047191619873,-250,-384
0.7263152599334717,-257,-379
0.7466385364532471,-265,-389
0.7665121555328369,-273,-386
0.7866389751434326,-280,-381
0.8063037395477295,-288,-382
0.8262166976928711,-296,-384
0.8463990688323975,-303,-385
0.8653783798217773,-310,-389
0.8849616050720215,-321,-386
0.9119725227355957,-328,-378
0.9309682846069336,-336,-383
0.9509680271148682,-344,-390
0.9701969623565674,-350,-381
0.9906668663024902,-358,-384
1.0100963115692139,-366,-385
1.029411792755127,-373,-383
1.0500078201293945,-381,-388
1.0693280696868896,-389,-388
1.0883474349975586,-397,-386
1.1087801456451416,-404,-384
1.12843656539917,-411,-384
1.148301124572754,-419,-385
1.168031930923462,-427,-388
1.1865301132202148,-434,-384
1.2084217071533203,-442,-381
1.2279558181762695,-450,-382
1.2484476566314697,-457,-390
1.26812744140625,-465,-381
1.287597417831421,-473,-380
1.3135254383087158,-483,-385
1.3331828117370605,-491,-387
1.3531951904296875,-498,-388
1.3724889755249023,-505,-382
1.3920702934265137,-513,-387
1.4124059677124023,-521,-382
1.4323272705078125,-528,-380
1.4528508186340332,-536,-393
1.4722156524658203,-544,-384
1.4914336204528809,-551,-382
1.511676549911499,-559,-382
1.5306174755096436,-566,-380
1.5514285564422607,-575,-389
1.5708305835723877,-582,-387
1.5903122425079346,-589,-380
1.6103968620300293,-597,-380
1.6301438808441162,-605,-387
1.6580791473388672,-615,-386
1.6974585056304932,-632,-381
1.7249760627746582,-641,-386
1.7444357872009277,-648,-386
1.781010627746582,-663,-382
1.8006744384765625,-670,-383
1.8214046955108643,-679,-391
1.8410725593566895,-686,-384
1.8603763580322266,-693,-386
1.8804359436035156,-701,-380
1.900320053100586,-709,-384
1.9206242561340332,-716,-383
1.9402101039886475,-724,-389
1.9593112468719482,-732,-388
1.98018217086792,-739,-379
1.9996962547302246,-747,-388
