0.0034089088439941406,71.33647875185143,8,297
0.06308817863464355,80.3247504654527,14,341
0.07665181159973145,77.23190500641152,19,411
0.0895681381225586,72.3010275728177,26,478
0.10169053077697754,65.98011612168236,33,515
0.11516547203063965,57.203572565822064,39,538
0.12875723838806152,46.766606473003804,47,542
0.14117741584777832,36.157134779785075,53,532
0.1535627841949463,24.901005704427348,60,497
0.1680765151977539,11.334863802107229,65,449
0.18044090270996094,-0.12340921917102321,70,391
0.19274592399597168,-11.069300908433416,74,343
0.21143388748168945,-26.13224802029724,79,240
0.22644948959350586,-36.3581346668982,80,149
0.23966741561889648,-43.70987628152302,81,149
0.2520909309387207,-49.115409541538426,80,0
0.2645998001098633,-53.08279010355926,78,-20
0.27872467041015625,-55.87974008708279,76,-179
0.2910645008087158,-57.02158757415019,73,-233
0.3033154010772705,-57.15696200473008,69,-291
0.31618666648864746,-56.480312316812935,64,-338
0.3300020694732666,-55.146195689626005,59,-371
0.34235382080078125,-53.70915261242647,54,-396
0.3546745777130127,-52.296198983220464,49,-417
0.36823558807373047,-51.01019247622938,43,-431
0.3814232349395752,-50.221815995647695,36,-443
0.3941514492034912,-50.003711953522114,31,-449
0.4065418243408203,-50.33280902048526,26,-447
0.4206664562225342,-51.303196202455474,19,-456
0.4330463409423828,-52.5508951807634,14,-456
0.4452989101409912,-53.97664628785322,7,-456
0.4587562084197998,-55.50965519585807,2,-463
0.4716625213623047,-56.66087222096291,-5,-472
0.48424696922302246,-57.19554588518376,-11,-482
0.4975709915161133,-56.82844844402291,-17,-493
0.5099561214447021,-55.37991021485874,-24,-495
0.5232129096984863,-52.429787845076305,-30,-499
0.5353353023529053,-48.333621947498045,-37,-497
0.5488550662994385,-42.119109447826474,-43,-486
0.5612316131591797,-34.9268852176266,-48,-472
0.5746979713439941,-25.58583522858701,-55,-454
0.5881075859069824,-14.932756168254302,-59,-418
0.6003997325897217,-4.248301640168286,-66,-342
0.6201059818267822,13.943462794769662,-70,-278
0.6334478855133057,26.39221017285212,-72,-232
0.6461911201477051,37.89461430333177,-74,-153
0.6590328216552734,48.70303763879237,-74,-153
0.6712710857391357,57.939755358458555,-73,0
0.6855161190032959,67.02236564308257,-70,63
0.6987600326538086,73.58684980730855,-67,206
0.7110538482666016,77.90965706972399,-64,283
0.7243742942810059,80.60806190643125,-58,383
0.7380187511444092,81.27174744590411,-52,444
0.7503306865692139,80.16841387863073,-45,499
0.7627286911010742,77.6123054257722,-39,545
0.7762851715087891,73.43910677773736,-31,578
0.789186954498291,68.45378088687043,-22,601
0.8015120029449463,63.08463688328017,-15,613
0.8142883777618408,57.21498425927272,-7,610
0.8284907341003418,50.70043734928189,1,599
0.8408434391021729,45.32177547868637,8,579
0.853161096572876,40.42654133934252,14,553
0.8655271530151367,36.1136362755021,22,528
0.8796036243438721,32.01766931386001,28,494
0.8921711444854736,29.083012865380137,34,457
0.9045906066894531,26.770336905647042,39,420
0.9181861877441406,24.74136172498311,43,382
0.931159496307373,23.073620899225855,48,348
0.9435129165649414,21.493176330687632,52,325
0.9563486576080322,19.603244493387127,56,290
0.9693162441253662,17.177387987647606,59,267
0.9829249382019043,13.811915957439924,62,246
0.9950516223907471,9.927002513895538,65,219
1.0141596794128418,1.8641727231692862,68,177
1.0270493030548096,-4.962541777270847,70,143
1.0409140586853027,-13.472429795598014,71,94
1.0533123016357422,-21.951203014468085,72,74
1.0655462741851807,-30.91100554227411,71,27
1.0788414478302002,-41.01622006435625,71,0
1.0921573638916016,-51.14836847097571,69,-34
1.1047122478485107,-60.33759736927526,67,-160
1.1180980205535889,-69.33728931511402,64,-210
1.1311171054840088,-76.91611997126405,59,-285
1.143467664718628,-82.72278649194847,54,-368
1.1564865112304688,-87.11727549435717,48,-434
1.1694068908691406,-89.52956896317006,41,-491
1.1830008029937744,-89.85004391793278,34,-567
1.1950268745422363,-88.22343080944734,27,-605
1.2085497379302979,-84.33681906557462,17,-648
1.2209203243255615,-79.03456908562234,9,-671
1.2346503734588623,-71.47124705231629,0,-686
1.248089075088501,-62.712851194983855,-9,-695
1.2604572772979736,-53.82087878421029,-18,-672
1.2727210521697998,-44.56021137163138,-26,-650
1.2864587306976318,-34.070028898990415,-34,-615
1.2993979454040527,-24.45326875983564,-42,-568
1.3116824626922607,-15.857235856687478,-48,-523
1.3243787288665771,-7.758973516603838,-53,-454
1.338766098022461,0.23754520352236597,-58,-383
1.3510301113128662,5.966320889685321,-62,-325
1.363424301147461,10.727728577290058,-65,-268
1.3761582374572754,14.608257616669858,-67,-196
1.3899524211883545,17.812750340071368,-69,-157
1.4022955894470215,19.995453619438152,-70,-89
1.4222455024719238,22.724703107472184,-70,-27
1.4353294372558594,24.383774155373757,-69,0
1.4487097263336182,26.301406017689487,-68,71
1.4610016345977783,28.471012397577653,-67,68
1.4733660221099854,31.20189228627333,-65,130
1.487593173980713,35.144082036798714,-62,155
1.5001018047332764,39.34603777382134,-60,190
1.5123395919799805,44.075732114342145,-57,218
1.5249030590057373,49.448756298849496,-54,249
1.539149284362793,55.93814887383472,-49,299
1.5514247417449951,61.60486794401088,-45,325
1.564016580581665,67.19346776264409,-40,370
1.5765900611877441,72.23713367260565,-35,412
1.5905413627624512,76.82284452078093,-28,465
1.6028821468353271,79.6779800541417,-22,501
1.6149561405181885,81.13247204692246,-15,541
1.6283972263336182,80.97029776746334,-7,579
1.641571283340454,78.83550971857568,2,618
1.654170036315918,74.90473031567882,9,632
1.667015552520752,69.02846799213853,17,652
1.6796507835388184,61.52845474261832,28,651
1.6941590309143066,51.077043627378146,35,641
1.7075836658477783,40.002803851793395,43,621
1.7200629711151123,28.859865955504997,51,585
1.7323408126831055,17.456385518285238,57,535
1.7453465461730957,5.298931771159131,63,474
1.7588703632354736,-6.9879833873980886,68,413
1.7710943222045898,-17.42446061334023,72,339
1.7834506034851074,-27.032012811790555,75,258
1.7980756759643555,-36.866902846640585,77,181
1.8151898384094238,-45.93993200187708,77,152
1.8304023742675781,-51.67332640354627,76,0
1.8436036109924316,-54.91462665898028,74,-38
1.856358528137207,-56.64984279860612,72,-196
1.8693325519561768,-57.20837142507594,68,-244
1.8815834522247314,-56.84857933152179,64,-299
1.8949759006500244,-55.76273346481692,60,-340
1.9083707332611084,-54.2753969533098,55,-379
1.9206762313842773,-52.82952628124495,50,-399
1.9331519603729248,-51.51893074028495,45,-426
1.9470927715301514,-50.46476920126115,38,-433
1.9596664905548096,-50.025776593597016,32,-431
1.9720981121063232,-50.12958733617104,27,-439
1.9844145774841309,-50.74709683203065,22,-442
1.9987645149230957,-52.00480085051503,15,-455
