0.035863637924194336,4,184,6.28
0.06291365623474121,13,368,6.157827440860138
0.08825182914733887,25,482,5.965955872278322
0.11418533325195312,40,576,5.756795482106393
0.14008402824401855,56,618,5.495599503824132
0.16869306564331055,74,661,5.182394791137879
0.19427943229675293,92,684,4.869770693349768
0.2212505340576172,110,686,4.55788707588874
0.24626660346984863,128,687,4.246737568389039
0.27307581901550293,146,679,3.9362422931175916
0.2987406253814697,163,672,3.6444367059684257
0.32462239265441895,180,643,3.335739593498798
0.3506639003753662,197,625,3.080960677001115
0.38335251808166504,216,606,2.704787038899049
0.4099855422973633,233,589,2.4556629172939153
0.4350156784057617,246,557,2.204636244289298
0.46114230155944824,260,534,1.9562943422239876
0.48781347274780273,275,514,1.7433511500030914
0.5136816501617432,287,489,1.5158524417261097
0.5395224094390869,299,464,1.3252042081031954
0.5653738975524902,311,445,1.1357657348251298
0.5911757946014404,321,422,0.9493238870987177
0.6179955005645752,333,395,0.7990019982381913
0.6429219245910645,342,374,0.6335505311157545
0.6702380180358887,352,356,0.5071152529258658
0.6951828002929688,361,343,0.3630091567028204
0.7212498188018799,369,321,0.26024918073698444
0.7478280067443848,377,307,0.1393449352124101
0.7802603244781494,386,292,0.00630634701213495
0.8053297996520996,394,271,-0.06131904967151147
0.8322310447692871,400,262,-0.13627749089790075
0.8578648567199707,407,252,-0.20641608929597144
0.8840415477752686,413,240,-0.2590812496093733
0.910085916519165,419,228,-0.30492543952617535
0.9360501766204834,425,223,-0.3514011270794555
0.9621119499206543,431,215,-0.3896143735325399
0.9886572360992432,436,202,-0.427511797745745
1.0141575336456299,441,197,-0.4420122392289363
1.039940357208252,446,187,-0.45430061015926615
1.0671253204345703,451,185,-0.44484204392319615
1.0921556949615479,455,181,-0.4651502565804986
1.1181838512420654,460,180,-0.44323587614373583
1.143540859222412,465,174,-0.4419793643832701
1.1762220859527588,470,176,-0.4128451975454972
1.2016446590423584,475,174,-0.42078021301726043
1.2282633781433105,479,174,-0.3525661357684129
1.2532212734222412,483,171,-0.3339447799584043
1.2797067165374756,488,173,-0.28279973315817486
1.3048295974731445,493,175,-0.2538209756292584
1.3315930366516113,498,181,-0.20992364224173876
1.3575716018676758,503,184,-0.1531510968996237
1.383335828781128,507,187,-0.0984770507948447
1.4081926345825195,512,196,-0.043560131372858635
1.4347012042999268,517,198,0.016569855043496062
1.4602546691894531,522,198,0.08597874363415237
1.4862060546875,528,208,0.13646536698569456
1.5121588706970215,533,213,0.2179276099510279
1.5935614109039307,552,235,0.21711820490654254
1.6537468433380127,567,244,0.22306838181086341
1.6856052875518799,575,244,0.5903663243320274
1.7211909294128418,583,260,0.872321791505291
1.7478289604187012,591,282,0.9397898198178822
1.7726528644561768,598,296,1.1330355358391468
1.799232006072998,606,313,1.2289405821572483
1.8245444297790527,615,341,1.311497070074589
1.8507871627807617,624,358,1.406529638892934
1.8756039142608643,635,371,1.510013834470758
1.9021012783050537,644,390,1.596366646570539
1.9287936687469482,655,407,1.717548339295023
1.9534695148468018,666,427,1.7771760014991695
1.986067295074463,680,441,1.8450731495241097
2.0112316608428955,691,459,2.0146718895522113
2.0379114151000977,704,472,2.115695629616285
2.0633931159973145,716,492,2.190408488733821
2.090003490447998,730,506,2.300075469879703
2.115036964416504,743,532,2.388112651586221
2.1413698196411133,757,544,2.4972738762313345
2.1707794666290283,773,565,2.584364593315648
2.2096047401428223,798,596,2.6472744990510364
2.2579667568206787,826,620,2.5615433776835665
2.3048226833343506,856,647,2.7887387941422404
2.347771406173706,884,663,3.0135513975252053
2.3860585689544678,910,692,3.357606763732072
2.421571969985962,936,720,3.309119255936011
2.4479010105133057,955,745,3.77736033919701
2.4733657836914062,974,770,3.895113553307013
2.499755620956421,996,796,4.0093416139871785
2.524634838104248,1016,821,4.09730009468851
2.551193952560425,1038,838,4.240533401322736
2.57611346244812,1060,853,4.315836524427706
2.602931261062622,1082,861,4.463363544702798
2.6280601024627686,1105,866,4.5692217781286395
2.6546480655670166,1127,872,4.720414312627025
2.680863380432129,1150,881,4.870066069457717
2.7071750164031982,1174,874,4.977386461770095
2.7322301864624023,1195,874,5.179711308139943
2.7587738037109375,1218,879,5.349952891995944
2.790846347808838,1248,879,5.434679793510199
2.817192554473877,1271,887,5.76914647384044
2.8420164585113525,1292,877,5.9754965016580215
2.86869215965271,1315,878,6.189354508107684
2.89418888092041,1338,882,6.440928653565432
2.9198246002197266,1361,881,6.670564690315828
2.9452834129333496,1383,881,6.913703941473933
2.9707789421081543,1404,877,7.179153609005471
2.9971959590911865,1429,885,7.45577696956634
3.0220556259155273,1450,876,7.7196198196713475
3.0486714839935303,1473,874,8.065845142296503
3.073369264602661,1494,878,8.33044637637959
3.099221706390381,1517,874,8.67287868191999
3.1245577335357666,1540,881,8.969281020942084
3.151115655899048,1563,878,9.364993355492473
3.182891368865967,1591,876,9.67312878800914
3.2093021869659424,1614,880,10.106523640214988
3.2348575592041016,1636,876,10.534052045693237
3.261347532272339,1659,878,10.97243481239925
3.2876405715942383,1684,877,11.343951659540757
3.313372850418091,1705,877,11.798738717637676
3.3387811183929443,1728,882,12.236798285432123
3.364236831665039,1751,881,12.716036822730036
3.3900468349456787,1773,878,13.163970971816365
3.41597843170166,1796,880,13.635077842266693
3.44100284576416,1818,877,14.138848024034061
3.467845916748047,1842,877,14.644464572615114
3.49265456199646,1863,879,15.131420744291603
3.519056558609009,1886,878,15.721404785665825
3.543674945831299,1909,877,16.191803598023704
3.576659679412842,1937,880,16.817751388013832
3.601518154144287,1960,880,17.24923858075003
3.6282055377960205,1983,882,18.13078448354687
3.6529364585876465,2004,881,18.71779473382947
3.680140733718872,2028,882,19.324443749885717
3.704922914505005,2049,881,19.95568157769916
3.731217622756958,2073,875,20.638960795405758
3.7559268474578857,2095,876,21.297412442952606
3.7822306156158447,2118,879,21.936594043781398
3.807992458343506,2141,872,22.693201410934144
3.833648204803467,2164,877,23.32586024601227
3.85953950881958,2187,883,24.11019156002537
3.8851799964904785,2209,876,24.792895175063883
3.910217523574829,2232,880,25.60503230066596
3.937080144882202,2253,881,26.313187942726863
3.9617297649383545,2281,876,27.156586047205145
3.994129180908203,2304,881,27.84114177751099
4.020779848098755,2327,881,28.982983011064775
4.0460591316223145,2350,880,29.735533313354217
4.072257041931152,2373,880,30.66898563081581
4.097831964492798,2396,885,31.499652788956965
4.1235105991363525,2419,877,32.40516267110743
4.149202346801758,2440,881,33.317176707522904
4.175234317779541,2464,883,34.19510276222458
4.200794458389282,2485,875,35.135166751373504
4.226687431335449,2510,877,36.09858696018432
4.252249240875244,2531,877,37.035507098423565
4.278748035430908,2554,871,38.1115912557161
4.30223822593689,2575,880,39.05112735122788
4.329152822494507,2598,881,40.0863599145062
4.3546435832977295,2621,879,41.031059742261355
4.387712240219116,2651,883,42.16641386491024
4.412303924560547,2672,881,43.05715755039653
4.438801050186157,2694,878,44.57155430184245
4.464104890823364,2717,881,45.67212737267333
4.490693807601929,2740,879,46.81370805239763
4.515386343002319,2763,875,47.9718868456156
4.541635036468506,2786,885,49.08553652867512
4.566255807876587,2809,876,50.36412658991745
4.593388080596924,2830,884,51.41855853066717
4.618742227554321,2853,885,52.75000202258197
4.644217252731323,2876,878,53.89979749356196
4.6702351570129395,2899,884,55.210964203058914
4.697538614273071,2923,880,56.39941467305979
4.7215540409088135,2944,875,57.810390744292626
4.747845649719238,2967,877,59.122750392953066
4.780094861984253,2995,885,60.40574895035783
4.804939031600952,3016,881,61.64694695891899
4.831354856491089,3039,881,63.4391243082445
4.857072114944458,3062,877,64.73958610940072
4.883069038391113,3085,882,66.20655279227543
4.9079835414886475,3108,881,67.63220216799412
4.934121608734131,3131,876,69.09048670029222
4.960264682769775,3153,877,70.52796463458324
4.986205339431763,3176,882,72.04230974025913
5.011240005493164,3198,877,73.55688198825499
5.037193775177002,3222,877,75.10634299307662
5.073004245758057,3252,877,76.3860696232519
5.099554777145386,3277,875,78.8289267211673
5.124220371246338,3298,881,80.38672672276476
5.150238752365112,3321,881,81.99745522304795
5.183699607849121,3352,879,83.657051402278
5.210967779159546,3373,874,85.2830273661937
5.237664699554443,3398,881,87.55877701204484
5.262040853500366,3419,874,89.21559169814854
5.288884162902832,3442,883,91.02256900689727
5.313426494598389,3463,878,92.63106632103278
5.339816331863403,3488,878,94.49670851113848
5.364840269088745,3509,875,96.169233445596
5.390806674957275,3532,886,98.03247064462818
5.416021823883057,3555,879,99.79797317451931
5.442030906677246,3577,886,101.72545794266898
5.467862606048584,3600,874,103.53302759201583
5.49350905418396,3623,876,105.43730353183105
5.5189924240112305,3644,880,107.37163785926438
5.544834613800049,3667,875,109.2453046926073
5.573213577270508,3692,883,111.22158180275764
5.603016138076782,3718,881,113.10161690891188
5.628777742385864,3741,875,115.70683750058997
5.654605865478516,3764,879,117.77157043977262
5.680699348449707,3787,879,119.79057711554141
5.706294298171997,3811,885,121.85345773763028
5.73203182220459,3832,875,123.97881562379278
5.75859808921814,3855,881,126.21561515032556
5.7833685874938965,3876,872,128.25208984248852
5.809800386428833,3901,883,130.48382417096465
5.834716796875,3922,876,132.5514899299508
5.861179351806641,3945,879,134.85449550395933
5.885616779327393,3968,872,136.96251571214015
5.912258863449097,3991,882,139.31885697918153
5.938028335571289,4013,873,141.53115226403904
5.963628053665161,4036,875,143.90510395985288
5.995229482650757,4064,883,146.12685210719377
6.021764516830444,4087,882,149.13880716533032
6.047734022140503,4110,885,151.68240308852944
6.074008226394653,4133,879,153.93434753839512
6.099733829498291,4156,877,156.53478516132174
6.125401496887207,4179,885,158.88801559724504
6.151113510131836,4200,876,161.44812419198195
6.177922964096069,4224,883,163.8710188040643
6.202916383743286,4247,878,166.4375230471366
6.229156970977783,4269,882,169.05700193938316
6.255112409591675,4293,877,171.59071285793885
6.280775308609009,4314,882,174.1913020452358
6.307129383087158,4339,878,176.85510089343032
6.33210825920105,4360,876,179.4237592892054
6.35877537727356,4383,881,182.27377357702187
6.390061616897583,4411,884,184.81662098922556
6.416043281555176,4434,878,187.5536208477938
6.441342830657959,4455,877,191.02885877358284
6.467925548553467,4479,880,193.85048875860514
6.492882966995239,4501,881,196.52117968361733
6.519537448883057,4525,876,199.5350411336929
6.5441343784332275,4546,881,202.210790926735
6.570793628692627,4569,878,205.2483379984128
6.59544038772583,4592,875,208.01263448810937
6.622087240219116,4615,878,211.07863716446695
6.647840738296509,4638,885,213.93015560186976
6.674221038818359,4661,874,216.98957398364604
6.699998378753662,4683,878,219.97503531908185
6.725395441055298,4706,878,223.16161073515596
6.751025438308716,4727,878,226.22359387325548
6.7808074951171875,4754,874,229.2921843810146
6.808727502822876,4778,879,232.23679187935403
6.834205865859985,4801,881,236.27160492496614
6.859904766082764,4824,883,239.57486993073553
6.885418176651001,4847,876,242.6137479516654
6.911110162734985,4868,886,245.9883186880004
6.937953233718872,4893,884,249.13866655664344
6.962651014328003,4914,877,252.46055317120164
6.988884687423706,4937,887,255.81196281428305
7.013635635375977,4960,876,259.1239786445641
7.040557146072388,4982,879,262.54922801609456
7.065126895904541,5005,877,265.8705773694976
7.091145038604736,5026,881,269.34719258962
7.1170690059661865,5049,876,272.9430310183827
7.142892122268677,5072,877,276.2364376042102
7.180801868438721,5105,881,279.8671297092639
7.229650497436523,5151,873,282.90417154237485
7.277980089187622,5192,875,290.082007595991
7.323979377746582,5234,876,296.7117456153262
7.355203628540039,5260,879,303.49755589151914
7.393025159835815,5292,881,309.9502022257253
7.422201633453369,5318,880,313.29944890291546
7.448754072189331,5341,875,319.8801315971027
7.473420143127441,5363,883,323.5685422504454
7.4999775886535645,5387,881,327.57668072477793
7.525002956390381,5408,879,331.2763082736235
7.551124334335327,5431,876,335.4038262958012
7.5795745849609375,5457,883,339.18734642812024
7.609149217605591,5482,876,343.23130787278484
7.634304046630859,5505,873,348.4028256350235
7.660790681838989,5528,880,352.5148495264464
7.687858581542969,5553,878,356.66112202557514
7.713634252548218,5575,879,360.82415318217613
7.739122629165649,5597,876,365.3008669050356
7.765156269073486,5621,878,369.2816951338337
7.791036128997803,5642,880,373.70240265051757
7.8178675174713135,5667,876,377.85848992016014
7.842818021774292,5690,881,382.21353019781134
7.869100093841553,5711,876,386.6523962685681
7.894711494445801,5734,880,390.8904334064818
7.92052960395813,5757,878,395.336531671003
7.9462103843688965,5780,881,399.6727482521707
7.971507549285889,5802,880,404.1267695114946
8.0037522315979,5830,877,408.70598048818954
8.029500007629395,5853,882,414.2750509601181
8.055065631866455,5876,881,418.7387096993425
8.080822944641113,5897,884,423.2908230586504
8.107662677764893,5922,878,427.8664725971693
8.132231950759888,5943,883,432.5257744018257
8.157837867736816,5968,881,437.4479261779058
8.185007572174072,5989,875,441.924296381002
8.211535930633545,6013,882,447.05041856900306
8.23770809173584,6036,875,451.6216516756943
8.26333475112915,6057,874,456.6179614241626
8.288728952407837,6080,876,461.5290386835476
8.314550638198853,6103,879,466.3736780529308
8.34010124206543,6126,875,471.26266579360083
8.36611557006836,6149,872,476.188367602776
8.398084878921509,6177,880,481.19769007315693
8.423705101013184,6200,880,486.08112200960454
8.449551105499268,6223,877,492.69770547659346
8.475364685058594,6246,879,497.51790038491396
8.501026153564453,6267,880,502.8730034972502
8.528047800064087,6291,873,507.8965833829637
8.552919387817383,6313,880,513.224227893971
8.57955265045166,6337,877,518.5120507752523
8.604613065719604,6360,879,523.6742607064386
8.630780458450317,6381,879,528.993327092566
8.65542197227478,6406,876,534.3901890701512
8.683077335357666,6427,882,539.628780063158
8.709011554718018,6450,879,545.2161549737982
8.734179496765137,6473,876,550.5571235264957
8.76090145111084,6495,879,556.2585669510628
8.792628049850464,6523,880,561.5243422085115
8.819083452224731,6547,881,567.1284423292173
8.84419298171997,6569,884,574.0508404953862
8.8707857131958,6592,878,579.9396708890401
8.896114110946655,6615,883,585.3756020503797
8.922191858291626,6638,882,591.2696312273565
8.947844505310059,6661,878,596.847860500241
8.973410844802856,6682,884,602.7110616173513
8.99886155128479,6705,879,608.4072810454189
9.02463436126709,6728,882,614.1687133990675
9.050132036209106,6751,881,619.9655722322696
9.076146125793457,6773,880,625.8815119837909
9.101035833358765,6795,876,631.8164316723911
9.127829551696777,6819,879,637.8082680786163
9.152922868728638,6840,874,643.6556137658962
9.179172277450562,6863,878,650.0269105471162
9.210185289382935,6891,881,655.6485666766695
9.235615491867065,6914,880,663.3373934419708
9.261046648025513,6935,885,669.6708492209103
9.287848949432373,6960,877,675.670526465914
9.3122718334198,6981,877,682.0191152649178
9.33876657485962,7004,884,688.1845496741936
9.363364219665527,7025,876,694.4551086743262
9.39007043838501,7050,879,700.686241836337
9.415024995803833,7071,874,707.0420912332822
9.441151857376099,7094,882,713.499253571143
9.467136144638062,7118,877,720.1268592010584
9.493346691131592,7139,871,726.4258606920191
9.518836975097656,7162,882,733.2602107010969
9.544562339782715,7185,874,739.5195716239097
9.56991696357727,7208,878,746.2999417831834
9.602776288986206,7236,875,752.6494450398881
9.629225254058838,7259,884,760.7884421241807
9.654297351837158,7282,871,767.8133362917213
9.68204116821289,7306,883,774.901997675171
9.707928895950317,7329,880,781.4428158763371
9.733479738235474,7352,874,788.8380535462262
9.759244680404663,7373,878,795.767905506966
9.785228967666626,7398,874,802.5775407399894
9.811090230941772,7419,879,809.6055498466412
9.837966203689575,7443,880,816.8590405709757
9.862884044647217,7465,879,823.7169907462096
9.889584064483643,7489,883,831.1327150834368
9.914229154586792,7510,881,837.8821828113383
9.940785646438599,7533,877,845.366504748063
9.965420246124268,7556,873,852.2845812222995
9.998148918151855,7584,875,859.757409525728
