0.07023239135742188,14,357,6.28
0.09597516059875488,26,476,5.9973385504001
0.12182307243347168,41,572,5.837669773367155
0.14721965789794922,56,625,5.5837314241027505
0.17304611206054688,73,676,5.330173352472012
0.1999213695526123,92,688,5.041464555176387
0.22430872917175293,109,705,4.7532471385722905
0.2509934902191162,128,713,4.4832538217543725
0.2757105827331543,145,700,4.193898910109382
0.3022329807281494,164,695,3.8886432877315587
0.3272275924682617,181,683,3.5990888197358606
0.3609201908111572,203,662,3.2245321503861737
0.3855619430541992,219,647,2.995395392668201
0.4121818542480469,236,621,2.7244824953906885
0.4372131824493408,251,606,2.4709427819905407
0.46381211280822754,267,582,2.2176090622427376
0.4899866580963135,282,556,1.9826773025411217
0.5157520771026611,296,539,1.7453387072834765
0.5411310195922852,308,505,1.5456477954696481
0.5671436786651611,321,490,1.34343846820477
0.593041181564331,333,471,1.1431949021245842
0.6199090480804443,346,436,0.9583752096190299
0.644611120223999,356,421,0.7933600936605174
0.6714143753051758,366,406,0.6276919492138466
0.6963942050933838,377,378,0.4785813586854344
0.7243170738220215,386,362,0.33008207339383766
0.7569379806518555,397,343,0.14689173345786344
0.7824914455413818,406,323,0.04049331383054344
0.8082726001739502,414,307,-0.07355047437282636
0.8330979347229004,421,288,-0.18725952289113756
0.8601365089416504,428,272,-0.30128233025954554
0.8845312595367432,435,259,-0.38095597522600766
0.9110865592956543,441,242,-0.4764857466510106
0.9356920719146729,446,230,-0.5564609911200362
0.9622118473052979,453,217,-0.6349194165888168
0.9873034954071045,457,202,-0.6976456932601884
1.01375150680542,463,191,-0.7579098212651791
1.039480209350586,467,179,-0.8205905599879424
1.065478801727295,472,168,-0.881173453633191
1.0905017852783203,476,161,-0.9250721930946773
1.1170477867126465,480,150,-0.9692978044281135
1.1489348411560059,484,138,-1.0131889144950685
1.1752047538757324,487,130,-1.057350868067883
1.200265645980835,490,119,-1.0935272297522713
1.226534128189087,493,113,-1.1213726705902998
1.2523341178894043,496,99,-1.1295971171871928
1.2779128551483154,498,95,-1.1569762112844986
1.3032894134521484,501,86,-1.1653382254015332
1.330273151397705,503,82,-1.1752108596357553
1.3551247119903564,505,78,-1.2013153680091841
1.381845474243164,507,78,-1.2103709417728252
1.406470775604248,508,61,-1.2022493117311237
1.4328672885894775,510,61,-1.211458188641127
1.4576034545898438,511,57,-1.2028809406947625
1.4838194847106934,513,52,-1.2126079011771536
1.5094518661499023,514,51,-1.203314920656326
1.5355899333953857,515,45,-1.1965005396838366
1.5683341026306152,516,40,-1.2044593879836105
1.5933642387390137,517,37,-1.1903362854687645
1.6200504302978516,518,33,-1.1814417023936157
1.6453466415405273,519,31,-1.156681217698181
1.6718616485595703,519,29,-1.1470704252114095
1.696619987487793,520,26,-1.1399644583166806
1.723846197128296,520,25,-1.1133254736365048
1.7494738101959229,521,21,-1.1058654551518101
1.7755200862884521,522,20,-1.0788066153538356
1.8010437488555908,522,20,-1.0702329436861557
1.8266210556030273,522,14,-1.0446413318239731
1.8521780967712402,522,14,-1.0190351764284653
1.878429651260376,523,13,-0.9933138648592514
1.9034950733184814,523,13,-0.9850124672089073
1.9303064346313477,523,7,-0.9585961654816124
1.9615538120269775,523,7,-0.9339441612396691
1.9873144626617432,523,7,-0.9015032604370568
2.0130090713500977,523,2,-0.8749830082092735
2.039503574371338,523,2,-0.8503879860077355
2.064457416534424,523,0,-0.8239642933044884
2.0910491943359375,523,0,-0.7975112751160118
2.1156609058380127,523,0,-0.7721835926208946
2.14212965965271,523,0,-0.7464911296997521
2.16694712638855,523,0,-0.7209789112244103
2.193242073059082,523,0,-0.6955301120911095
2.217696189880371,523,0,-0.6695346191559288
2.2444095611572266,523,0,-0.6443213775787804
2.2700960636138916,523,0,-0.6176375702057335
2.295700788497925,523,0,-0.5929586246643517
2.321014165878296,523,0,-0.5662409618530724
2.3535149097442627,523,0,-0.5420100048218224
2.3800244331359863,523,0,-0.5151092365417931
2.4045143127441406,523,0,-0.4841846779022667
2.4313552379608154,523,0,-0.45762437135319445
2.4559946060180664,523,0,-0.4328491047058556
2.4823896884918213,523,0,-0.405877287689254
2.5072059631347656,523,0,-0.38146799356083605
2.5331871509552,523,0,-0.3549732521210167
2.5576066970825195,523,0,-0.33047407418827746
2.5834708213806152,523,0,-0.30444258004765246
2.608919858932495,523,0,-0.2795481041107628
2.6351091861724854,523,0,-0.2536870792541954
2.6604440212249756,523,0,-0.2280198887024376
2.6856212615966797,523,0,-0.20244758874516222
2.7112643718719482,523,0,-0.17696874887089464
2.737139940261841,524,8,-0.1520459011230919
2.7701897621154785,525,40,-0.1431310524687177
2.795403242111206,526,43,-0.1279157544430074
2.821544885635376,527,46,-0.11956285837957736
2.8475372791290283,529,51,-0.1288859377889704
2.872544527053833,530,52,-0.12040024257697901
2.8999686241149902,532,53,-0.11184850541857827
2.924494981765747,533,53,-0.12140428136117443
2.951087236404419,534,53,-0.11217805804249537
2.9756851196289062,535,53,-0.12220614119029172
3.0021607875823975,537,54,-0.11336091076101695
3.027163028717041,538,53,-0.10526812936738494
3.0532708168029785,540,53,-0.11434444554740963
3.078289031982422,541,54,-0.1057743501584163
3.1044564247131348,542,53,-0.11564054709100269
3.130277395248413,544,55,-0.10665894123448183
3.161888837814331,546,52,-0.11686130836360142
3.1865341663360596,547,53,-0.10323936170202686
3.213064193725586,548,53,-0.09465949115129035
3.237933397293091,550,53,-0.10353219786476231
3.2645153999328613,551,56,-0.09539077908099358
3.2901713848114014,553,55,-0.10365003479043544
3.316070795059204,554,55,-0.09637288335591165
3.3419437408447266,555,53,-0.0869792901947033
3.367554187774658,557,54,-0.09714088774679652
3.393810272216797,558,53,-0.08807512013185281
3.4199702739715576,560,54,-0.09792677353111401
3.445754289627075,561,52,-0.08926393331485016
3.4710915088653564,562,53,-0.09782240434106626
3.4964756965637207,564,53,-0.09003789817021257
3.5220322608947754,565,53,-0.0819706275645462
3.551919460296631,567,54,-0.09140171059027224
3.5801384449005127,568,51,-0.08353471159105119
3.605771064758301,569,50,-0.08584685426338368
3.6310980319976807,571,50,-0.07776217910144112
3.6565868854522705,572,52,-0.06966558301054526
3.682196855545044,574,55,-0.07917701309742853
3.7082934379577637,575,53,-0.07088086065582466
3.7341113090515137,576,54,-0.06266839313548545
3.760939836502075,578,54,-0.07017591506502008
3.7857282161712646,579,54,-0.06294978520642225
3.812347173690796,581,54,-0.07146963242282389
3.837312936782837,582,55,-0.06409091467360106
3.863539457321167,583,54,-0.05468540058343763
3.888355016708374,585,54,-0.06484842864700546
3.914607524871826,586,55,-0.05606924016414183
3.940134048461914,588,55,-0.06513578118242158
3.9724442958831787,589,56,-0.057182474657563986
3.9973220825195312,591,51,-0.060014608250918755
4.023849964141846,592,52,-0.051654559630113894
4.048993110656738,594,54,-0.04236730115518483
4.075668811798096,595,53,-0.05288438080871849
4.1010637283325195,596,55,-0.04323424925639685
4.126308917999268,598,55,-0.05347404810243539
4.151928901672363,599,54,-0.04476710044903953
4.177549600601196,600,55,-0.05500022357486323
4.2084269523620605,602,53,-0.046018856136919695
4.256420850753784,605,51,-0.05587265530339458
4.305598974227905,607,51,-0.0647783626361722
4.3569700717926025,610,47,-0.05151152009427307
4.390409231185913,611,49,-0.039522362717777426
4.430271148681641,613,46,-0.025742204975070848
4.45660924911499,614,50,-0.02923022807953224
4.4834113121032715,616,51,-0.01130077294932974
4.507917642593384,617,52,-0.003932545617589156
4.534340858459473,619,55,-0.012289552944462656
4.560153484344482,620,54,-0.004694827962573811
4.585657119750977,621,55,0.004090082566188258
4.611119747161865,623,54,-0.005346484086857117
4.637247562408447,624,55,0.0026630892226666703
4.662562847137451,626,54,-0.006248718137776166
4.688951730728149,627,56,0.0019294171071724264
4.714430332183838,629,54,-0.007359806863988183
4.7414796352386475,630,56,0.001962260723489706
4.773092746734619,632,55,-0.007530811132802739
4.800227642059326,634,58,0.00810291149923259
4.824594259262085,635,55,-0.00027579191834092853
4.8515708446502686,636,54,0.008063514286082096
4.8769965171813965,638,54,-0.0011763570392044898
4.903541564941406,639,54,0.007313391288629845
4.928301572799683,640,54,-0.001187144022862796
4.954268217086792,642,57,0.006404719936075054
4.980369567871094,643,52,0.015475255922602571
5.0058088302612305,645,54,0.00544216598464331
5.041091203689575,647,54,-0.002988989520330776
5.065650939941406,648,55,0.012936795871102191
5.092059135437012,649,56,0.021846399316736154
5.1169726848602295,651,55,0.011457350440180036
5.1432740688323975,652,54,0.020823763883370816
5.174581289291382,654,55,0.010342208598123293
5.201063632965088,655,54,0.026488531175225205
5.2257866859436035,657,56,0.016918450117882955
5.252306938171387,658,53,0.024841715901771977
5.277294397354126,660,54,0.015561790255196328
5.303528308868408,661,55,0.023963562127343963
5.329879999160767,663,55,0.015909823233085874
5.355593681335449,664,56,0.022899918698373156
5.381120204925537,665,53,0.032467557422325655
5.407235622406006,667,55,0.02209567468346485
5.4331018924713135,668,58,0.031951084632392934
5.459416627883911,670,57,0.022225793080055567
5.484310865402222,671,59,0.030742005870170175
5.510409355163574,673,58,0.02176606391194902
5.535703659057617,674,60,0.012320914190055987
5.567745685577393,676,58,0.02084237218891083
5.593871831893921,678,57,0.011252025552344946
5.620207071304321,679,57,0.025626898086724026
5.6455957889556885,681,54,0.016911070798300898
5.6714770793914795,682,57,0.025307120624550095
5.697658061981201,684,57,0.0162911243450381
5.723922252655029,685,58,0.024852875083762882
5.750137090682983,687,59,0.015607281712577858
5.7752463817596436,688,57,0.024083678599982505
5.80191969871521,690,58,0.01594410901724963
5.826550006866455,691,62,0.02304006233165623
5.853109121322632,693,59,0.014656828961081558
5.877595901489258,694,60,0.004698125619803761
5.904439210891724,696,60,0.013581026184576572
5.93023419380188,698,57,0.021076092200400964
5.962158441543579,699,58,0.012928654804555961
5.987149953842163,701,59,0.00373527510219418
6.013358116149902,702,59,0.018240085762181835
6.038618326187134,704,56,0.009756716588384506
6.0652477741241455,705,59,0.017027430721274328
6.0905139446258545,707,58,0.009019229775624638
6.115950107574463,708,61,-0.0012048334441931985
6.14131236076355,710,58,0.0075850838747317795
6.167060136795044,711,56,0.014780696155202833
6.192492485046387,713,56,0.006195283829550036
6.218346357345581,714,55,0.013437864570104097
6.243808746337891,716,54,0.005047955479314581
6.2708563804626465,717,55,0.01290374880531786
6.295553922653198,718,53,0.004123786919118189
6.322378635406494,720,53,0.01253056558142518
6.347220182418823,721,54,0.020958563497273985
6.380913496017456,723,56,0.0118255036954249
6.4066197872161865,725,57,0.009409172104023256
6.4324846267700195,726,56,0.017833116904027335
6.45793080329895,728,56,0.008777543140386257
6.483185052871704,729,60,0.017278258722859263
6.509908199310303,731,57,0.007958517173573654
6.534015655517578,732,59,0.015573269316105254
6.560992479324341,734,58,0.0070686808887678865
6.585932016372681,735,60,0.014676518892505541
6.612452745437622,737,59,0.006345737609333213
6.6373560428619385,738,59,0.013454565527011297
6.663528203964233,740,60,0.00529782980658311
6.689023494720459,741,61,0.012445519952656525
6.715969085693359,743,58,0.004087320532885741
6.741493463516235,744,60,-0.004882184123699673
6.77458119392395,747,61,0.004180484049717492
6.80025839805603,748,58,0.0018392543107328407
6.82580304145813,749,55,0.010334486265888287
6.851402282714844,751,56,0.0010047311362804123
6.877479076385498,752,58,0.008898194597781739
6.903104305267334,754,59,-1.0751739711878372e-05
6.930165767669678,756,58,0.008503792120349019
6.955180644989014,757,58,0.0003909254184755184
6.9816508293151855,758,59,-0.008651535323314974
7.00602912902832,760,58,-0.0004843673330050535
7.032850742340088,761,57,0.007688522703203304
7.057314395904541,763,56,-0.0017554349257942192
7.08436918258667,764,55,0.006447495851382712
7.110142230987549,766,55,-0.0015275649117718615
7.1357340812683105,767,54,0.005913856923754679
7.167115211486816,769,56,-0.0021942414065385663
7.193834066390991,770,55,0.0047484087615075055
7.220474720001221,772,55,0.0035787679202297085
7.24561882019043,773,55,0.010606771939592363
7.271384000778198,775,55,0.0026457778726065584
7.296555042266846,776,60,0.009792037507203588
7.3234031200408936,778,59,0.0012266523421953224
7.348252534866333,779,59,0.00857103781602575
7.373804569244385,781,58,0.0003268024770672895
7.400135517120361,782,59,0.007961820198824299
7.425878524780273,784,61,-0.0007530534152824231
7.451592922210693,785,60,0.007748854260087867
7.477409601211548,787,58,-0.0018493601895901435
7.502854585647583,788,60,-0.011027481102889425
7.527742624282837,790,58,-0.0023858601401656188
7.553720951080322,792,59,0.005271568928025161
7.586597919464111,793,54,-0.0028911272568805657
7.612297296524048,795,55,-0.00636436840943766
7.638330698013306,796,55,0.0019353603108527295
7.663393259048462,797,55,-0.007146439496489521
7.690424919128418,799,56,0.0017471899043428607
7.715678691864014,800,55,0.008951146835084245
7.742336273193359,802,55,0.0010678772248837731
7.767249584197998,803,58,0.008613249560898595
7.793565988540649,805,57,0.0006577391212303496
7.81792426109314,806,61,0.007810436057464898
7.844391822814941,808,59,-0.000727054133788485
7.870387554168701,809,59,0.006634259059158154
7.895943641662598,811,58,-0.002004559028213393
7.921543598175049,812,60,0.007349218230285004
7.947610378265381,814,59,-0.002971881351227168
7.9804441928863525,816,61,-0.010922623419311606
8.006070613861084,818,58,-0.013982923592864793
8.031796216964722,819,58,-0.004606258150772646
8.057576656341553,821,56,-0.014824837743271146
8.0830717086792,822,58,-0.005656073302155562
8.109936714172363,823,55,0.0018614040601026005
8.134472608566284,825,54,-0.007068761530931056
8.16112756729126,826,55,0.0015742899432673596
8.186546564102173,828,55,-0.007913059867128425
8.212164878845215,829,55,0.0006005303186178423
8.238325357437134,830,53,-0.009021525988968548
8.26350474357605,832,54,-0.0005806534698500343
8.290417432785034,833,54,0.008753573465162034
8.315266609191895,835,54,-0.0017205908441333406
8.34114670753479,836,58,0.007670618131285778
8.373097658157349,838,54,-0.0026492893573326626
8.400378227233887,840,55,-0.011059940864504014
8.425251722335815,841,55,0.00321288851801782
8.451931238174438,842,54,0.012904266484525806
8.47688102722168,844,58,0.002545019930357384
8.503108263015747,845,57,0.01193980518446125
8.52793288230896,847,57,0.0018220766509227104
8.554045915603638,848,58,0.010758859814572475
8.580188035964966,850,58,0.001114392160550537
8.605751037597656,851,61,0.009957715241192489
8.631508111953735,853,59,0.0007102145213746525
8.65718698501587,854,59,0.00860296272714045
8.683125972747803,856,59,-0.0003365011884799429
8.708942651748657,858,59,-0.00921945990085149
8.735583782196045,859,60,-0.0012914257453804368
8.765506029129028,861,57,-0.008449426037952179
8.793222188949585,862,55,-0.00017210866409556047
8.820227861404419,864,55,-0.0036417735379679073
8.844609022140503,865,55,0.005476207745800821
8.870580673217773,867,56,-0.003605353642962328
8.895978689193726,868,53,0.004162463227352475
8.922436475753784,870,54,-0.004863785051059111
8.9474458694458,871,55,0.0031820278824881143
8.97350287437439,872,54,0.011429304515377936
8.999982118606567,874,55,0.003241574379664769
9.025611877441406,875,57,0.010226186217632716
9.051844596862793,877,57,0.0024089585538433766
9.076540231704712,878,58,0.00961744543758769
9.103129148483276,880,57,0.0009469176791956357
9.12828278541565,881,60,0.00830751561640497
9.153943061828613,883,58,5.469720859885285e-05
9.18691873550415,885,60,-0.009256222853259999
9.216963529586792,886,57,0.006291192253138789
9.242361783981323,888,57,-0.003752626520878266
9.268240451812744,890,59,0.008815033183909193
9.293385982513428,891,56,-0.00028989322560590836
9.3200364112854,893,59,-0.00947254409190812
9.345219373703003,894,59,-0.0018194065581411678
9.371870994567871,896,55,0.007878647128579885
9.3964204788208,897,57,-0.0024779768212184194
9.422965288162231,898,57,0.006737994498561051
9.447892427444458,900,56,-0.0022360401110290695
9.474116325378418,901,58,0.005869854304453526
9.500956296920776,903,57,-0.0024571122814531776
9.525996446609497,904,57,0.005357434630365532
9.551827669143677,906,54,-0.0030527400396476168
9.583803415298462,907,53,0.0038479484584748036
9.609957456588745,909,54,0.0023089972381686863
9.635647535324097,910,53,0.009334617071740325
9.660565853118896,912,56,0.0015262108953795206
9.687211751937866,913,55,0.00867080159992284
9.713852882385254,915,57,0.0007124301373071518
9.74010181427002,916,58,0.00793689106585127
9.76572036743164,918,58,0.00043819062374339524
9.791473388671875,919,60,0.00881922007950564
9.817371368408203,921,56,-0.0008638713843289736
9.843031883239746,922,59,0.007684527913962569
9.870120763778687,924,58,-0.0014728505829531002
9.89491057395935,925,58,0.006979942865122268
9.920621156692505,927,58,-0.0007965152216407034
9.946075677871704,928,57,0.006251515958368259
9.978346109390259,930,58,-0.0021045376941906113
10.003698110580444,932,60,-0.012135005027779755
