0.02399158477783203,1,14,6.28
0.048150062561035156,8,283,6.227703865465975
0.07570910453796387,18,421,6.089200572085842
0.10077261924743652,32,530,5.899817510664345
0.1265242099761963,47,599,5.624192299991087
0.1610889434814453,69,656,5.315311317318384
0.18590092658996582,86,683,5.009410537800687
0.21248912811279297,105,691,4.703799760651377
0.23711252212524414,121,695,4.398714968586901
0.26393556594848633,139,686,4.113133122597759
0.28899359703063965,157,675,3.7932395492816124
0.3151428699493408,174,664,3.527958039670893
0.34118223190307617,191,642,3.228697659265623
0.36671996116638184,207,625,2.965589578074059
0.39261412620544434,223,607,2.703758656186249
0.41826295852661133,238,578,2.443277128640453
0.443911075592041,252,560,2.2012947561670746
0.47086453437805176,267,534,1.9789604393962543
0.4957857131958008,279,515,1.7567886274339202
0.5221056938171387,292,499,1.5726418946436107
0.5550446510314941,308,458,1.3526572251516242
0.5818259716033936,320,442,1.101186576283883
0.6063704490661621,330,430,0.9462040029098686
0.6330733299255371,341,396,0.7839772374935885
0.6580452919006348,351,381,0.6581476100770605
0.6859838962554932,361,361,0.516152298137504
0.7110292911529541,370,351,0.3770355390006035
0.737572193145752,379,325,0.2550345598572319
0.7629921436309814,387,313,0.15307668065301616
0.788179874420166,395,301,0.03269837716148949
0.8141067028045654,402,287,-0.04911590928365861
0.8417000770568848,409,274,-0.1475943954981993
0.8663647174835205,416,262,-0.2279589789890588
0.8925707340240479,422,244,-0.2890448485116721
0.9181761741638184,429,236,-0.3496046093012586
0.9516940116882324,436,222,-0.40783246559811115
0.9775996208190918,441,213,-0.49807588242757195
1.002983808517456,446,205,-0.5260064989603732
1.0289793014526367,451,189,-0.5629905743637709
1.0544371604919434,456,184,-0.5986464936156812
1.0808277130126953,461,181,-0.6318910154059632
1.106316089630127,465,169,-0.64884457564622
1.13295316696167,470,166,-0.677991864644226
1.1579740047454834,474,159,-0.6933728726712944
1.1845805644989014,478,154,-0.7022557956107329
1.210730791091919,482,151,-0.7149751276903791
1.236403465270996,486,148,-0.7214270688747346
1.261723279953003,489,139,-0.728344847608235
1.2876005172729492,492,139,-0.7176442514941224
1.3130052089691162,496,136,-0.7231616084675965
1.3421523571014404,500,130,-0.7096151982146042
1.3708274364471436,504,129,-0.7114357299370937
1.3971245288848877,507,131,-0.6947449191473023
1.4227721691131592,510,129,-0.6739129442709366
1.4483692646026611,513,121,-0.6567324239073749
1.4740333557128906,516,120,-0.6337308811759037
1.5009994506835938,520,121,-0.6128157552117024
1.5258843898773193,523,123,-0.5875591521453281
1.5524811744689941,526,126,-0.5799808408666394
1.5771958827972412,529,123,-0.5548295637953586
1.6040034294128418,532,124,-0.5274296775137657
1.6285243034362793,536,127,-0.5145500009045527
1.6551387310028076,539,126,-0.48591315427584547
1.6811416149139404,542,124,-0.4515142032499888
1.7078471183776855,546,128,-0.4218610380717358
1.7340376377105713,549,129,-0.3985620382692474
1.7662098407745361,553,134,-0.38413109189679595
1.7927801609039307,557,135,-0.3190457690577926
1.8179423809051514,560,139,-0.30261652378557535
1.8444852828979492,564,139,-0.2757161114275348
1.870042324066162,568,141,-0.2382184072957596
1.8963158130645752,571,139,-0.20973030977491547
1.9212427139282227,575,147,-0.18239875851089238
1.9479246139526367,579,151,-0.15489618321157472
1.973724603652954,583,151,-0.12509941027876614
2.0007901191711426,587,155,-0.07749494979754878
2.0258400440216064,591,157,-0.062076723995598826
2.052173376083374,595,159,-0.022655837395420875
2.0775418281555176,600,165,0.0069299857872184845
2.1039812564849854,604,169,0.04691583342952832
2.1288962364196777,608,171,0.06283591632818641
2.1620702743530273,614,174,0.10466552779661065
2.1871674060821533,619,178,0.13404136672330758
2.213827610015869,623,183,0.18041557997198687
2.2385611534118652,628,191,0.20716997363741285
2.265146017074585,633,189,0.23219564923976144
2.290787696838379,638,195,0.2647052052912251
2.3164169788360596,644,199,0.2898323027832408
2.3417396545410156,648,203,0.3232213861368223
2.3680875301361084,654,208,0.3324711741087327
2.3931884765625,660,212,0.37098115034689094
2.420071601867676,666,217,0.38533536429976145
2.4459664821624756,671,222,0.42290008481688446
2.500877857208252,684,229,0.3745357380561458
2.5255470275878906,689,228,0.44538054148070394
2.557793617248535,697,235,0.5278652048461936
2.583731174468994,703,239,0.5124543672088375
2.6105661392211914,710,241,0.5713757206723127
2.6350953578948975,716,250,0.5835271488795346
2.661740779876709,722,254,0.6188546436311331
2.687145948410034,729,258,0.6271346516291754
2.7131235599517822,736,263,0.6625990821481604
2.7381508350372314,743,277,0.6777167438039857
2.764342784881592,750,274,0.6977067525825955
2.790776252746582,757,277,0.7123548196763139
2.8165690898895264,765,277,0.7202058985709794
2.842461585998535,772,289,0.7474872927634966
2.8681116104125977,780,295,0.7464827617839447
2.8939733505249023,787,299,0.7761953604984022
2.920778751373291,796,305,0.7806865044822064
2.950228691101074,804,307,0.7952665016255267
2.97758150100708,813,307,0.7715322932230926
3.001760244369507,821,317,0.8182343162625845
3.0285375118255615,829,322,0.8264466651556432
3.0539422035217285,837,318,0.8470003250745659
3.0806896686553955,846,327,0.8585655901009623
3.106654405593872,855,330,0.8599040225221781
3.1325690746307373,863,334,0.8818099409922517
3.1581223011016846,872,342,0.882642515116066
3.1881792545318604,883,342,0.8875532126425565
3.2181670665740967,894,345,0.9077535854120473
3.2664177417755127,910,355,0.8066910553840536
3.314168930053711,926,351,0.7863777552849918
3.370058298110962,946,354,0.8176553537382745
3.3971197605133057,956,355,0.8225229063779551
3.434105157852173,969,365,0.9864903871737525
3.463876485824585,980,365,0.8945296464537904
3.490957260131836,991,378,1.0054649722425886
3.515848159790039,1000,384,1.0127042917108398
3.5425024032592773,1011,398,1.0192842401169209
3.5672242641448975,1021,398,1.0227442655661036
3.5937507152557373,1031,400,1.0136028725682706
3.618356466293335,1041,405,1.0252077966696866
3.645083427429199,1052,408,1.0154688684535742
3.67097544670105,1063,416,1.0515748575162895
3.69779372215271,1074,416,1.0230951104867536
3.7230613231658936,1085,425,1.0342328997652004
3.7542002201080322,1098,425,1.0243962045793893
3.782815933227539,1110,426,0.9770484774880899
3.8079521656036377,1121,429,1.0270567841455325
3.8340840339660645,1132,434,1.037431574690391
3.8595073223114014,1143,436,1.0331902011047198
3.885763645172119,1155,440,1.0431791514353534
3.911658763885498,1166,445,1.0343169993758075
3.9371087551116943,1178,448,1.024991181193446
3.9623067378997803,1189,451,1.0345135275463697
3.988551616668701,1202,455,1.0432370578825356
4.013845205307007,1213,461,1.0390006759156059
4.0408406257629395,1225,460,1.0358889812855416
4.065881252288818,1236,464,1.0268943679721652
4.092299222946167,1249,466,1.0378158806445228
4.117110252380371,1261,476,1.0276438616462187
4.1438820362091064,1273,472,1.0354929454493842
4.175849199295044,1288,477,0.9612972800008244
4.202472925186157,1302,480,1.032421458276822
4.227177619934082,1313,477,1.0125752134426982
4.253756999969482,1326,484,1.0427645090254671
4.278568267822266,1339,485,1.0090075291550278
4.304988145828247,1352,496,1.0264580188430301
4.331172227859497,1364,498,1.0393992017659919
4.3570475578308105,1377,501,1.0334681368672065
4.382730722427368,1390,501,1.0296503222201032
4.408564567565918,1404,509,1.0269518785482887
4.43403959274292,1416,507,1.0154583754530577
4.460782527923584,1430,511,1.0086251347118882
4.485236167907715,1443,520,1.0170107572045453
4.511198043823242,1456,512,0.9995709217751205
4.536620378494263,1469,518,1.003010794566329
4.570070743560791,1487,522,0.9562964135220753
4.595198154449463,1500,522,0.997658559455072
4.621693849563599,1513,528,1.0004077721459517
4.646375417709351,1527,530,0.9906778036725505
4.673027038574219,1541,534,0.9987244928727819
4.700581312179565,1556,541,0.993605093302822
4.724985599517822,1569,543,0.996948040978463
4.751664400100708,1583,540,1.002393179563672
4.7764246463775635,1598,547,0.9741452290339758
4.802439451217651,1612,544,0.9994676035160523
4.827798128128052,1625,553,0.988889276041597
4.85424542427063,1640,553,0.9835165383825455
4.879071235656738,1654,550,0.9787851307385367
4.905752897262573,1669,561,0.9899373398935722
4.931122541427612,1683,564,0.9802748541768054
4.963810682296753,1701,568,0.9710763774069342
4.988399028778076,1716,573,0.9123696565827153
5.015140771865845,1731,567,0.9868847040132032
5.052318334579468,1753,571,0.8549058660447955
5.078136682510376,1768,573,0.9507626612928739
5.103771448135376,1782,583,0.9804697415003112
5.130026817321777,1798,578,0.9721496975632853
5.155087947845459,1812,586,0.9755045402826141
5.1816511154174805,1827,594,0.9800553832785326
5.207752704620361,1843,586,0.9823531296791863
5.233181476593018,1858,598,0.9739329172911795
5.259235382080078,1874,597,0.9768005523502197
5.284450531005859,1890,602,0.9861042091891079
5.310797452926636,1905,611,1.0037095515531718
5.336148500442505,1920,601,0.9816082494495149
5.3685150146484375,1941,612,0.9886555794529457
5.393891334533691,1956,610,0.9015558134740331
5.420793533325195,1973,621,0.9760390246695252
5.4451003074646,1988,618,0.9670540263567418
5.472196578979492,2004,627,0.9763973588389376
5.497168064117432,2020,629,0.9697719291124685
5.523675918579102,2036,626,0.9993628985311531
5.548367977142334,2053,638,0.9587617110143256
5.5750203132629395,2069,630,0.9881210291317046
5.600788593292236,2086,639,0.9867673525685916
5.626439571380615,2103,637,0.9865632799508006
5.651949405670166,2118,645,0.9788769670564079
5.6781556606292725,2136,643,0.9670475792482449
5.704098224639893,2152,649,0.981511958906701
5.731572389602661,2170,656,0.9992838676244062
5.762718677520752,2191,653,0.9604179123026313
5.788360834121704,2208,664,0.8899394955668569
5.813932657241821,2224,659,0.9809354670463577
5.840948104858398,2243,669,0.9727768912455801
5.865846633911133,2259,665,0.9848850424775151
5.892621040344238,2277,666,0.9898155519714038
5.917583465576172,2295,669,0.9794624005465451
5.943828344345093,2311,681,0.9850049841868014
5.969022035598755,2330,676,0.9783772797112604
5.995140075683594,2347,687,0.965857048767127
6.021713733673096,2364,686,1.004321133920179
6.046564817428589,2382,694,0.9704231335997449
6.073005437850952,2400,693,0.9949787318443057
6.098038196563721,2417,695,0.976206113532605
6.123874187469482,2435,702,0.98691858602011
6.150059938430786,2458,704,0.9716872570874386
6.182665586471558,2477,704,0.8968183573146007
6.209497690200806,2497,714,0.9361674758488263
6.237212896347046,2516,702,0.9697626203419887
6.262941360473633,2534,716,0.992906100079118
6.289005994796753,2553,712,0.9855201439939805
6.31436562538147,2570,720,0.9795490894147747
6.341192960739136,2590,718,0.9938379012584662
6.366074562072754,2608,724,0.9776141276022443
6.3927085399627686,2628,725,0.986698985915865
6.417776584625244,2646,729,0.9818755871619231
6.444390773773193,2666,729,0.9816434876353881
6.469578742980957,2685,739,0.9845186952880169
6.496270179748535,2703,740,0.9453965204164589
6.5217955112457275,2723,749,0.99959653737438
6.547565460205078,2742,745,0.9720738051211697
6.57892632484436,2768,756,0.8950795284339961
6.605060577392578,2786,755,0.9570527358291017
6.631762266159058,2805,754,0.9923713379104484
6.6564435958862305,2825,759,0.9532801233430703
6.683977365493774,2845,758,0.9897658563489742
6.708520412445068,2865,768,0.952337901488491
6.735141038894653,2885,765,0.9871832403114595
6.760772943496704,2905,772,0.9757792684308413
6.7864298820495605,2925,772,0.9824164306692964
6.81212854385376,2944,776,0.9808939962495202
6.83781361579895,2965,781,0.9735760087541507
6.863712310791016,2984,783,0.9610856375980177
6.890634536743164,3006,791,0.967416221034874
6.915844440460205,3025,785,0.9693779519157744
6.942511796951294,3047,794,0.9755997243847574
6.973649501800537,3071,796,0.9695791050927198
7.000109910964966,3093,790,0.9529090406988772
7.024630784988403,3112,802,0.9547287095923025
7.051082611083984,3133,801,0.9956389709867821
7.076314926147461,3153,807,0.9535038628323633
7.103033065795898,3175,802,0.9839803912541427
7.1279847621917725,3195,810,0.965679609617645
7.154457092285156,3217,808,0.9833739177452685
7.180143356323242,3239,812,0.9673814329819592
7.206701755523682,3260,822,0.982950677139165
7.232329368591309,3280,824,0.9813861181967098
7.258527994155884,3303,832,0.9509837711149345
7.283965826034546,3323,829,0.9926745043140457
7.310878753662109,3346,837,0.9850804246979408
7.335812568664551,3366,841,0.9872368525593913
7.368346929550171,3395,840,0.981305863469828
7.393036365509033,3417,844,0.8898735794391612
7.421024799346924,3439,846,0.9727404583405885
7.446510553359985,3461,847,0.9836407617598866
7.4722840785980225,3482,854,0.9842052155354963
7.50437593460083,3510,861,0.9764122458115594
7.533068418502808,3535,867,0.820091481295762
7.559592962265015,3557,865,0.9841515323460186
7.584458827972412,3580,873,0.9896051946571518
7.610778093338013,3602,864,0.9897285288171602
7.635751485824585,3623,873,0.9719383785992832
7.661990165710449,3646,880,1.0137731275517012
7.692229270935059,3672,881,0.9516414329256477
7.753852367401123,3727,881,0.6254541810942271
7.8216376304626465,3786,865,0.4030438185866956
7.900782823562622,3858,846,0.433517984294852
7.944387674331665,3892,845,0.22055770496423577
7.970766544342041,3914,837,1.1084635591152647
7.99587082862854,3934,835,1.1285628164335577
8.022135019302368,3956,851,1.1703471850664187
8.047096014022827,3978,857,1.1927179535628625
8.07367467880249,4001,872,1.2213024186784196
8.098188638687134,4024,866,1.2301830472166841
8.124480247497559,4046,873,1.2788439817472295
8.149568319320679,4069,878,1.3238155921903854
8.186944007873535,4101,876,1.247744018637519
8.217744827270508,4127,882,1.2899893081636122
8.266282081604004,4170,875,1.135737928442154
8.31371545791626,4212,878,1.0740392173510571
8.360699653625488,4256,882,1.1619578891260858
8.388219118118286,4278,880,1.3462077996065602
8.425987482070923,4310,877,1.6015691283194258
8.454465866088867,4337,877,1.4832688521090915
8.481756210327148,4359,876,1.710624974369523
8.506302833557129,4381,887,1.7262952841885522
8.532658815383911,4405,879,1.7946504797845648
8.557237386703491,4432,882,1.8273915581712004
8.591003894805908,4456,881,1.7709835397659646
8.615898132324219,4478,883,1.9292410144390573
8.64229130744934,4501,879,1.9743029157741745
8.666593074798584,4523,881,2.0107193200952196
8.693814039230347,4546,882,2.051381539008119
8.720048427581787,4569,875,2.089934772008732
8.744937658309937,4592,882,2.1459634717390514
8.771118640899658,4615,879,2.2420974019434823
8.79625678062439,4636,873,2.265359281470296
8.822473287582397,4661,885,2.3323532475720583
8.84697699546814,4682,878,2.363840994725763
8.873068571090698,4704,879,2.460202595503546
8.898315191268921,4727,878,2.479743436284224
8.924285888671875,4749,878,2.585158449208791
8.950595617294312,4773,878,2.628730953868768
8.982806205749512,4801,881,2.6191211522263984
9.007810115814209,4822,874,2.7389436168696903
9.03392219543457,4845,880,2.8468549804716616
9.058375120162964,4868,883,2.88849546413077
9.08458924293518,4891,877,2.997896609397543
9.109562397003174,4914,885,3.043855541626101
9.136283159255981,4935,879,3.114560633453465
9.161098957061768,4958,882,3.1858644803343736
9.187214136123657,4981,884,3.2493428938243767
9.212796926498413,5004,879,3.3508295389001432
9.238269567489624,5027,877,3.4211272002112025
9.263978719711304,5048,876,3.4875628134377052
9.290141344070435,5072,879,3.5645808513876034
9.31508731842041,5094,879,3.6327466292873964
9.341182708740234,5117,881,3.7607595409752577
9.373031616210938,5145,882,3.802055749378411
9.398881196975708,5167,875,3.791846344714898
9.423728227615356,5189,883,4.04637785643439
9.450664043426514,5213,879,4.107510827701759
9.47473406791687,5234,880,4.197463996408317
9.501624822616577,5257,876,4.282718191436089
9.52629041671753,5279,875,4.366137076799816
9.552710771560669,5303,884,4.485563470937478
9.577657699584961,5324,880,4.5716509591741215
9.60368800163269,5347,878,4.653886261011365
9.628095865249634,5370,874,4.753077748234489
9.655573606491089,5393,884,4.83686928824315
9.680832862854004,5416,874,4.99050350277723
9.707189798355103,5439,879,5.043388060990367
9.732723236083984,5462,889,5.184266531078876
9.758259773254395,5484,881,5.246402879178277
9.791685581207275,5512,878,5.287908540231939
9.816431999206543,5535,881,5.485677176704627
9.842482328414917,5558,880,5.639250845816548
9.866756677627563,5579,883,5.716332954399462
9.89348554611206,5602,879,5.864471058441438
9.917977809906006,5625,878,5.950497569869725
9.944462537765503,5648,880,6.071947537836252
9.969067811965942,5669,878,6.168057048258191
9.994723558425903,5692,873,6.312862961346397
