0.022928237915039062,1,48,6.28
0.05713820457458496,11,363,6.210187233898041
0.07780337333679199,20,471,6.000814251653974
0.09788727760314941,31,550,5.826547969273705
0.11687064170837402,43,601,5.634940285331224
0.1421191692352295,60,656,5.373701309932203
0.1611020565032959,72,684,5.130433352036209
0.17948126792907715,86,692,4.9047800555816075
0.19943761825561523,100,704,4.644489744317565
0.21856188774108887,113,707,4.437034779070498
0.2385718822479248,127,700,4.212439798343858
0.25784993171691895,140,698,3.9707663530293993
0.2771310806274414,154,687,3.7298574946860836
0.29725217819213867,167,675,3.506797517901106
0.31611156463623047,180,661,3.266955486079963
0.3353264331817627,192,651,3.062866798480892
0.3553895950317383,205,629,2.8590885530503733
0.37432146072387695,217,617,2.6391260503595575
0.3943002223968506,229,596,2.454311324540352
0.4135608673095703,240,582,2.253005607283675
0.43256592750549316,250,554,2.070386818890954
0.4528470039367676,261,541,1.88826512021235
0.4721100330352783,272,523,1.7250422854001348
0.491077184677124,282,504,1.562450661910951
0.5111095905303955,298,462,1.4010105922959584
0.5736286640167236,319,439,1.031629541543433
0.63742995262146,345,398,0.6528154643395343
0.683837890625,363,378,0.26913991935650206
0.7038094997406006,370,358,0.18243521845188493
0.7229330539703369,377,336,0.08725789335365608
0.741868257522583,383,319,0.012063773812598377
0.7620697021484375,390,299,-0.06235621435792282
0.7809469699859619,394,283,-0.13355728633786246
0.8009915351867676,400,272,-0.18790779530171342
0.8194105625152588,405,261,-0.23968922946167304
0.8383915424346924,410,249,-0.2881040707313991
0.8583076000213623,414,236,-0.33718607820516944
0.8776371479034424,418,227,-0.3652560695354303
0.8964884281158447,423,219,-0.39390009208511056
0.9164993762969971,427,213,-0.43715146190758514
0.9399139881134033,432,205,-0.475864255931417
0.960547924041748,436,198,-0.4847011831911381
0.981799840927124,440,192,-0.5006157967809131
1.0018951892852783,444,187,-0.5120910896072379
1.0208353996276855,447,182,-0.5094010004668483
1.0391497611999512,451,179,-0.5187642541555944
1.059203863143921,454,175,-0.5105928007638605
1.078277826309204,457,172,-0.5153120255069679
1.097442626953125,460,168,-0.5045389742011954
1.1175487041473389,464,169,-0.492017687637583
1.1363248825073242,467,166,-0.47183783432688386
1.1563255786895752,470,168,-0.4526750573127085
1.17549467086792,474,167,-0.448496646820967
1.1944353580474854,477,168,-0.421027247540926
1.2144720554351807,480,167,-0.3947643858005332
1.2339832782745361,484,166,-0.37804352700140775
1.2532844543457031,487,170,-0.3456992576977509
1.2734215259552002,490,168,-0.3100713285173011
1.292468786239624,493,171,-0.2831571082705935
1.3124732971191406,497,172,-0.2428914680125338
1.335113763809204,501,177,-0.19781964846850286
1.3542704582214355,504,177,-0.16426747978303702
1.3741543292999268,508,182,-0.11484207693886539
1.3934428691864014,511,184,-0.07421570550630108
1.4136254787445068,515,190,-0.01725572141802978
1.4325201511383057,519,194,0.02385885807103172
1.451814889907837,522,198,0.09257356752619117
1.4719719886779785,527,204,0.14164840037324922
1.4973914623260498,532,213,0.18165275111043222
1.5279457569122314,539,221,0.18284491141216996
1.547105312347412,543,224,0.3458052466355852
1.5671355724334717,548,231,0.4092501524758543
1.5860490798950195,553,238,0.465336183953422
1.6054222583770752,557,247,0.5201830823344906
1.6256272792816162,562,257,0.5801563874516056
1.6445252895355225,568,266,0.6487224480761604
1.6649150848388672,573,276,0.7117523881087173
1.683946132659912,579,283,0.7628113424083374
1.7032089233398438,584,292,0.8427639337049317
1.7234134674072266,590,299,0.8994291586107028
1.7456798553466797,597,312,0.952544641972926
1.7656221389770508,604,322,1.0528770445485893
1.7849900722503662,610,329,1.1031174968686646
1.80393385887146,617,338,1.1864099598389206
1.8239586353302002,624,348,1.2468832650847101
1.8433096408843994,630,358,1.3199005645126451
1.862382173538208,638,369,1.3887394516158125
1.8825035095214844,646,383,1.4472276839136278
1.9018549919128418,653,393,1.5342353282803263
1.9218482971191406,661,400,1.618763476004565
1.9411060810089111,669,412,1.667270506540044
1.9594550132751465,678,426,1.7566912923624614
1.9793922901153564,686,441,1.8153462723636604
1.9984514713287354,694,455,1.905316413016795
2.0185158252716064,704,464,1.9895618188448854
2.0378103256225586,712,477,2.0339671291546377
2.0565567016601562,722,493,2.1223232292569563
2.076927423477173,732,505,2.184263474142476
2.095752239227295,743,517,2.281877827078741
2.1151797771453857,752,527,2.3391955184776503
2.1391332149505615,766,550,2.397048815824723
2.1581268310546875,777,563,2.440547237299077
2.178051710128784,788,576,2.5706124368972176
2.1973183155059814,799,587,2.6567484229808773
2.2161781787872314,811,604,2.7113971672616444
2.236104965209961,823,619,2.7832476388677403
2.255483865737915,835,630,2.887502378461619
2.275367021560669,848,650,2.9465174877305813
2.2943336963653564,861,669,3.0078219936681485
2.313774824142456,873,677,3.1087182600290983
2.3337764739990234,887,696,3.169477048407167
2.352569103240967,902,712,3.2482922679261055
2.3730905055999756,916,728,3.3321929484669788
2.392047882080078,931,742,3.372409738382629
2.4108774662017822,944,761,3.4703085983753468
2.430604934692383,960,777,3.5492407838065994
2.449061155319214,974,790,3.6353693260453994
2.4678804874420166,989,811,3.7072341401235107
2.4877688884735107,1006,820,3.7549605986936854
2.507880687713623,1022,838,3.8211138555654465
2.5282809734344482,1041,841,3.901248376359611
2.5521042346954346,1061,851,3.9222569561043876
2.5709006786346436,1076,858,4.096526282403378
2.5905871391296387,1094,856,4.169988153988367
2.609008550643921,1109,864,4.303854731921174
2.628962516784668,1126,862,4.402005451276494
2.647980213165283,1144,865,4.478506591408184
2.666592597961426,1159,870,4.579179521902542
2.686460494995117,1177,864,4.679146471348254
2.7054035663604736,1192,868,4.823025273203616
2.7241761684417725,1210,868,4.938696992764065
2.7441742420196533,1227,868,5.049830458617709
2.7634308338165283,1243,873,5.215782889176385
2.7833101749420166,1260,866,5.327709354819813
2.802189588546753,1278,870,5.4748674490057425
2.8209428787231445,1293,873,5.676256040159377
2.8404619693756104,1310,868,5.804802338434921
2.8590757846832275,1326,875,5.997402538382481
2.878950357437134,1344,868,6.191734820449987
2.8979592323303223,1361,871,6.326035431358495
2.9169461727142334,1377,873,6.525120621721523
2.9409704208374023,1398,869,6.722391778672659
2.959120512008667,1415,874,6.845183349886501
2.9781060218811035,1431,869,7.17682969297049
2.998023509979248,1448,870,7.36771734802673
3.016855478286743,1464,873,7.600139181265128
3.0368402004241943,1481,869,7.832799808114448
3.0554559230804443,1497,874,8.058681188433614
3.07430100440979,1514,873,8.289856342051245
3.0942561626434326,1532,868,8.512892506593221
3.11344575881958,1548,873,8.797841202335032
3.133312225341797,1565,871,9.053915831967608
3.1522433757781982,1582,874,9.292105738370996
3.1710116863250732,1598,870,9.598470852942448
3.1905810832977295,1616,871,9.909809536612066
3.209045171737671,1631,876,10.179270755021093
3.228081226348877,1648,867,10.46134641637008
3.2479493618011475,1666,869,10.749278116839278
3.266613006591797,1682,872,11.07499138269602
3.286909341812134,1699,871,11.393171754416766
3.305619478225708,1715,874,11.706588735069825
3.32444167137146,1732,872,12.040758782145613
3.348031997680664,1753,875,12.30121487306376
3.3668994903564453,1769,871,12.805750937257812
3.3865039348602295,1786,867,13.161121757472156
3.4055793285369873,1802,875,13.510442065641389
3.4244883060455322,1820,870,13.8842263582636
3.4443085193634033,1837,871,14.274183081499935
3.463660955429077,1852,872,14.629325488060836
3.482426404953003,1870,867,15.04237062304712
3.5022103786468506,1888,873,15.413379498862085
3.5220470428466797,1905,872,15.8723766268063
3.541978359222412,1922,870,16.2873249565962
3.56050705909729,1938,871,16.686843372485782
3.5790629386901855,1954,870,17.161887360489906
3.59892201423645,1971,874,17.57826859842315
3.6178596019744873,1987,868,18.071539209019598
3.636899948120117,2004,867,18.47750054315194
3.6565158367156982,2022,873,18.909104890149052
3.675792932510376,2039,870,19.440228731525828
3.6956422328948975,2055,871,19.898920801935773
3.714428663253784,2072,870,20.36338457368177
3.733553409576416,2088,873,20.890587416204582
3.7574291229248047,2109,872,21.31480471251333
3.776200771331787,2126,865,22.020495354031524
3.795912742614746,2144,876,22.544445717170134
3.8152899742126465,2159,868,23.048069775533556
3.83416485786438,2176,869,23.59733249117029
3.8540902137756348,2194,873,24.133607459849145
3.8734161853790283,2210,871,24.732364608224735
3.8922643661499023,2227,871,25.28302193359736
3.9121971130371094,2244,867,25.839576044726115
3.931018829345703,2260,869,26.47031033188337
3.9510271549224854,2278,874,27.034926243814652
3.9691407680511475,2295,868,27.66940321505495
3.9880292415618896,2311,872,28.281912328997258
4.0079450607299805,2328,870,28.864197415539373
4.026547193527222,2344,869,29.496457281919568
4.046449422836304,2361,872,30.128420246678886
4.065675735473633,2377,868,30.752533181414478
4.084548234939575,2394,869,31.42308052031504
4.104398727416992,2412,868,32.09695761207635
4.12366247177124,2427,871,32.75719706331652
4.146379232406616,2448,873,33.44866384565614
4.166093111038208,2466,868,34.04697047803915
4.1852123737335205,2481,870,35.01648083633118
4.205242872238159,2498,868,35.69041148478799
4.22412896156311,2516,865,36.38249881132096
4.243429183959961,2532,872,37.16028799563382
4.263340711593628,2549,867,37.883542150557844
4.282079219818115,2566,869,38.64770860158846
4.3020713329315186,2584,867,39.43078006535254
4.320896148681641,2599,868,40.173195753991514
4.339145183563232,2617,873,40.997037164517714
4.359165906906128,2634,865,41.76341526758409
4.378068685531616,2650,868,42.566360551027934
4.396957874298096,2666,872,43.334235055183925
4.41691780090332,2683,867,44.12072101000801
4.435599088668823,2698,871,44.996319888557835
4.455456018447876,2716,868,45.814821971038924
4.4743359088897705,2733,866,46.61297177642018
4.493516445159912,2749,870,47.51667374921062
4.51397705078125,2768,867,48.35911511706757
4.533273458480835,2784,869,49.25215672543488
4.556391477584839,2804,868,50.127587329045014
4.575396776199341,2820,867,51.235369166448706
4.594434022903442,2838,869,52.16660054341207
4.614282608032227,2855,866,53.04488287688392
4.633459806442261,2870,872,54.03098310068293
4.652310132980347,2888,868,54.95476845809966
4.672053098678589,2905,869,55.8814415552929
4.690552234649658,2921,870,56.891389502381436
4.7104878425598145,2938,866,57.83637320622943
4.728973388671875,2954,871,58.78013235177737
4.747831583023071,2970,866,59.83634620003204
4.76762056350708,2987,865,60.75286277202879
4.78652024269104,3004,872,61.784760811553014
4.805429697036743,3020,867,62.816930223836785
4.82525634765625,3037,868,63.80988483934132
4.844280958175659,3055,869,64.8792440297191
4.864180564880371,3072,866,65.91431365045491
4.883413314819336,3088,872,66.97021060631994
4.902392864227295,3105,867,68.09210139299964
4.926287412643433,3126,872,69.0903692570964
4.948992729187012,3145,867,70.5511140973396
4.982131481170654,3176,871,71.48026818726572
5.025148391723633,3211,871,72.8739955965014
5.07114577293396,3253,867,75.10637856143666
5.117408990859985,3291,869,78.28251414308403
5.147087097167969,3317,867,80.72085266158905
5.182982444763184,3348,871,83.78043668503969
5.202328205108643,3366,867,85.80777517062282
5.222285270690918,3383,870,87.50829687532908
5.241185188293457,3399,867,88.84792496201334
5.259408473968506,3416,867,90.11411396456492
5.279292345046997,3434,873,91.3720303263128
5.298166513442993,3449,866,92.7630889015342
5.318176507949829,3466,867,93.99758706975578
5.337151527404785,3482,869,95.24971261524009
5.360510349273682,3503,866,96.58666356526408
5.3808746337890625,3520,871,98.31362491289744
5.3990559577941895,3536,868,99.77287339464519
5.419003009796143,3554,871,101.14191273656068
5.437926292419434,3571,868,102.43701462814963
5.456855773925781,3586,865,103.87343306690529
5.476507663726807,3604,873,105.2622741540103
5.495598316192627,3620,868,106.75941613155784
5.515888452529907,3638,868,108.16959259333814
5.535102844238281,3654,869,109.55205837255626
5.554120063781738,3672,866,111.13382127902153
5.5743138790130615,3689,871,112.6260519679617
5.593486785888672,3705,865,114.11756943975783
5.612365961074829,3722,869,115.67810205654423
5.6323676109313965,3740,868,117.13965058618686
5.651144504547119,3755,867,118.78150240525258
5.671011924743652,3772,871,120.28949393056878
5.689283609390259,3790,865,121.80904486723952
5.708170652389526,3806,867,123.43936764482699
5.728006362915039,3823,871,124.93907828269087
5.751832008361816,3842,867,126.53432808010821
5.771841764450073,3860,873,128.03089076952318
5.79001784324646,3877,866,130.09657905202806
5.808857202529907,3892,870,131.81633145835542
5.828433513641357,3910,870,133.43406250321004
5.847623348236084,3926,866,135.14927953622723
5.866500616073608,3943,872,136.70188084990286
5.886271238327026,3960,869,138.34613267835135
5.90524435043335,3976,866,140.12156868543605
5.925138235092163,3993,872,141.75294680193332
5.944086313247681,4011,868,143.45018107068984
5.963308334350586,4026,871,145.26775304113278
5.983293771743774,4044,866,146.97421089284217
6.00208592414856,4061,868,148.8135191868842
6.020892143249512,4077,873,150.59680294091905
6.04086971282959,4094,865,152.32122620210737
6.058937311172485,4110,869,154.23015607338488
6.0789103507995605,4127,869,156.00010766008546
6.097915887832642,4143,870,157.69823176618846
6.116598606109619,4160,874,159.59939064056272
6.136429309844971,4178,866,161.42424910846626
6.159451007843018,4198,874,163.28157345572288
6.179197788238525,4216,869,165.71053849719874
6.198138952255249,4232,867,167.52198222469792
6.217196941375732,4247,873,169.4865698458749
6.237163543701172,4264,867,171.29855374222
6.255800247192383,4282,870,173.3265193988414
6.281194686889648,4303,869,175.2871783732857
6.299339532852173,4320,870,177.0677570071884
6.318187236785889,4336,867,179.84531998231552
6.346074819564819,4360,865,181.63654141061124
6.365087270736694,4376,872,184.47035541609188
6.385000944137573,4393,868,186.61717690582344
6.4041712284088135,4410,870,188.62458588543103
6.423314332962036,4426,870,190.76102023095672
6.443267822265625,4444,869,192.81112790294463
6.4621195793151855,4461,872,194.97477595038526
6.481842517852783,4476,865,197.09934754683286
6.4999964237213135,4494,869,199.15882168223476
6.535272121429443,4524,865,201.36917697599932
6.592567443847656,4578,871,203.00850287470666
6.640574216842651,4616,869,208.64706449048452
6.682425022125244,4654,866,215.57491983439405
6.722546100616455,4689,868,220.68445634573254
6.764536142349243,4725,869,225.74502855345787
6.807947158813477,4763,866,230.95759062521267
6.837939023971558,4788,866,235.71871214503585
6.856615304946899,4803,873,240.97991755128902
6.875600099563599,4819,869,243.4995435370219
6.8953492641448975,4836,868,245.86281057064647
6.914155006408691,4854,871,248.2111935092771
6.933565616607666,4869,866,250.75734100400578
6.9573705196380615,4890,869,253.22047764513644
6.976172924041748,4908,865,256.19648403294815
6.996093511581421,4925,872,258.7948943777049
7.0149524211883545,4941,872,261.2161984762368
7.033869981765747,4956,866,263.8633116631926
7.053833484649658,4974,871,266.35029265443916
7.0725038051605225,4991,868,269.0066243378559
7.092282056808472,5008,870,271.5642638561768
7.111035108566284,5024,871,274.11597134314604
7.129335880279541,5042,866,276.79696409248857
7.149190187454224,5059,870,279.4098256699309
7.168111324310303,5074,870,281.9201595858788
7.187397241592407,5090,871,284.654123017363
7.2071943283081055,5108,870,287.2106352207666
7.225851774215698,5125,864,290.00886315230423
7.245793342590332,5142,872,292.7077530604457
7.264585256576538,5158,871,295.35806573228376
7.2837138175964355,5174,866,298.1936562390787
7.303809881210327,5191,871,300.8947866897697
7.32258415222168,5208,868,303.774966204194
7.341674566268921,5224,869,306.5508800054675
7.365213632583618,5245,866,309.2608021882746
7.3841753005981445,5262,870,312.71871244408555
7.403940677642822,5280,875,315.550462287602
7.4231085777282715,5295,864,318.3307390834701
7.441971063613892,5313,869,321.3227823329604
7.461940288543701,5330,871,324.1814957647051
7.4805588722229,5346,868,327.21974337273923
7.500913381576538,5363,871,330.0822629814529
7.541156768798828,5400,871,333.0544143530177
7.595098257064819,5445,870,335.4572248882794
7.66244101524353,5504,872,344.88425294288334
7.683962106704712,5523,869,355.14575685005013
7.703910827636719,5539,873,361.9494482179325
7.72313666343689,5556,867,364.965159757255
7.741875171661377,5572,871,368.26709679673905
7.764937162399292,5593,869,371.3347857611307
7.783876419067383,5608,870,375.17460107338957
7.803597688674927,5626,868,378.3102719055142
7.822395086288452,5643,867,381.43683577058675
7.841648101806641,5659,874,384.7769469933814
7.861138105392456,5676,868,388.0058760428297
7.8793044090271,5694,869,391.3511780130743
7.898237228393555,5709,872,394.59561300216234
7.918150901794434,5727,868,397.6507612270332
7.937106609344482,5742,873,401.11623928832233
7.957100868225098,5760,869,404.3194665705622
7.977933406829834,5779,870,407.60489957448294
7.996587038040161,5794,871,411.4348937024307
8.01656436920166,5812,865,414.75293321318486
8.035504341125488,5828,870,418.2813472753791
8.055315017700195,5845,868,421.65976224077036
8.074264287948608,5862,868,424.9620438899147
8.093579769134521,5878,873,428.56147281472545
8.113409280776978,5895,866,432.00212993349965
8.132298946380615,5913,868,435.46655473581745
8.15490174293518,5932,869,439.0967921171695
8.174544334411621,5949,868,442.55493859082173
8.193862676620483,5965,870,446.90362336932264
8.213577032089233,5982,869,450.4017151960044
8.23243761062622,6000,872,453.91536828409437
8.251169681549072,6015,866,457.67676910741596
8.271147727966309,6033,867,461.26107048388235
8.28929328918457,6050,872,465.0343234075296
8.309130668640137,6068,866,468.6194246916424
8.328134536743164,6083,868,472.05273494613573
8.347121477127075,6099,870,475.92099097231227
8.367151260375977,6116,867,479.4515285403916
8.385886192321777,6134,871,483.17990180410703
8.405051231384277,6149,868,487.12716693706477
8.4245765209198,6166,870,490.7432338527527
8.443796634674072,6182,867,494.6692182184607
8.463500499725342,6200,868,498.4219704986171
8.48247742652893,6217,874,502.1554961669574
8.501759052276611,6233,867,506.14314444515605
8.522111415863037,6252,867,510.00461489810255
8.540616750717163,6268,873,514.1366709467536
8.564856052398682,6288,868,517.9070790268122
8.58379864692688,6304,873,522.3485941609408
8.60241413116455,6321,870,526.6794969644868
8.62233304977417,6339,868,530.5734389221697
8.64113712310791,6354,870,534.67155500064
8.65929651260376,6372,866,538.6341005407627
8.679270505905151,6389,873,542.5887004092026
8.698127031326294,6405,868,546.7718743469887
8.717984437942505,6422,866,550.5941478471641
8.73697304725647,6438,872,554.4894629933463
8.755799293518066,6455,868,558.7439396584595
8.77547311782837,6471,868,562.8625826551861
8.794312238693237,6488,871,567.0621640943708
8.813536405563354,6504,866,571.0817352517752
8.83343243598938,6521,872,575.2519468555794
8.852303981781006,6538,868,579.5892583403244
8.872280597686768,6556,871,583.739683061365
8.891072988510132,6572,868,587.9425496904278
8.909173488616943,6589,864,592.3982132273762
8.92914891242981,6606,871,596.5418474391226
8.948050260543823,6622,868,601.0004985738638
8.979230403900146,6650,872,604.9310072052776
9.008200645446777,6674,867,610.0749661552811
9.028086185455322,6692,870,618.667368669232
9.047229528427124,6707,867,623.1344221469654
9.065891981124878,6724,868,627.4728389595986
9.085779905319214,6742,873,631.9045759102758
9.104959726333618,6758,864,636.482653198756
9.12448239326477,6775,871,640.8954244672381
9.143817663192749,6790,869,645.2887021285402
9.162548780441284,6808,868,649.9640189007026
9.182370901107788,6825,872,654.4159882964832
9.201133966445923,6841,865,659.1472028560603
9.219404458999634,6858,869,663.6608154419645
9.239331483840942,6876,872,668.1728133638267
9.258160591125488,6891,867,672.9592960070547
9.278231620788574,6909,870,677.3471063135279
9.297335147857666,6924,865,681.801481139272
9.315877437591553,6942,869,686.7608742192709
9.336108207702637,6959,872,691.3219796261942
9.358932971954346,6978,866,696.2540751378917
9.378551244735718,6996,873,700.8414534101062
9.398031949996948,7013,866,706.5483770013353
9.41687798500061,7028,868,711.5379187607041
9.436386585235596,7046,868,716.2632219832353
9.455546855926514,7062,868,721.2277753034867
9.474599123001099,7079,871,726.0280490277474
9.494503736495972,7096,863,730.7244624824721
9.514263153076172,7114,866,735.8682766333035
9.53433895111084,7131,874,740.7269239228524
9.55350637435913,7147,866,745.8947846665659
9.572425842285156,7164,868,750.9904520392614
9.592242956161499,7182,867,755.8825745635123
9.611052989959717,7197,869,761.1038661054142
9.63095474243164,7214,866,766.1097848059644
9.649139881134033,7232,866,770.9812578612215
9.66812801361084,7248,872,776.2688121243054
9.688016891479492,7265,868,781.1056063397393
9.707089185714722,7281,869,786.2426231457378
9.725728511810303,7296,872,791.3129530393775
9.745515823364258,7314,863,796.4053998126759
9.768350839614868,7334,867,801.6297975420057
9.788212060928345,7352,865,808.0921547295601
9.80719780921936,7368,869,812.9820577197263
9.825894117355347,7385,871,818.3141695764464
9.845752477645874,7402,867,823.5804466773295
9.864567041397095,7418,871,829.0033650008127
9.88452672958374,7435,868,834.1602148562897
9.903676509857178,7451,868,839.4326318389635
9.925848484039307,7472,870,844.8890000353972
9.945719718933105,7487,867,851.2855128045337
9.964951753616333,7505,870,856.8177689730298
9.98457956314087,7522,866,862.1427538834575
10.003840684890747,7538,867,867.4759223545606
