0.026864051818847656,0,3,6.28
0.04735422134399414,5,68,6.260744164166657
0.06617999076843262,11,340,6.195824913404708
0.08387017250061035,20,458,6.058612700921752
0.10887265205383301,34,559,5.868000152199767
0.1280384063720703,45,618,5.6998231290452095
0.14786171913146973,58,658,5.492037906470883
0.166748046875,72,690,5.284052412290112
0.1855602264404297,85,706,5.077032513354702
0.20544767379760742,99,716,4.851937049407892
0.2235856056213379,114,721,4.627460281673853
0.24351906776428223,126,724,4.41935843922648
0.2624678611755371,141,716,4.176191940221275
0.28154730796813965,154,713,3.9861935577590555
0.301785945892334,168,707,3.7429691230391295
0.32033681869506836,182,690,3.518024339634313
0.33947205543518066,194,682,3.3285359345127916
0.3595592975616455,207,667,3.1028694580690344
0.37850451469421387,220,648,2.895991656606769
0.39835596084594727,233,632,2.723091322981631
0.41760873794555664,244,620,2.5151444526106737
0.4365653991699219,256,603,2.325626006748185
0.45636820793151855,268,582,2.135483381045609
0.47526073455810547,278,562,1.9808393337148278
0.4997568130493164,291,546,1.8251657949594868
0.5186302661895752,301,524,1.5999599432105542
0.53788161277771,310,511,1.449511347616224
0.5584468841552734,321,491,1.2942877047196477
0.5775985717773438,330,474,1.157607642505246
0.5965790748596191,339,458,1.002046398900661
0.6164956092834473,348,438,0.8643208712168988
0.635028600692749,356,426,0.7621673548272963
0.6550202369689941,364,411,0.6412239713633063
0.6734611988067627,371,393,0.5208542230006348
0.6924467086791992,378,380,0.41858721936737986
0.7123105525970459,385,364,0.31425765660631644
0.7310032844543457,392,349,0.21190243809879394
0.7508864402770996,399,337,0.10877641232503521
0.7700042724609375,404,326,0.023050750146659915
0.7889208793640137,411,312,-0.07915044995876386
0.8087062835693359,417,295,-0.14768150377552125
0.8281092643737793,422,283,-0.23332109684684088
0.8468234539031982,427,273,-0.30059973786757777
0.8666503429412842,432,263,-0.38631157176836606
0.8854408264160156,437,250,-0.43639488917174774
0.9093027114868164,443,237,-0.5220106403851572
0.928194522857666,447,230,-0.5693798006840467
0.9469988346099854,451,220,-0.6367280599298812
0.9668745994567871,456,211,-0.6877180831895862
0.9856083393096924,459,196,-0.7375186361581534
1.0054728984832764,463,188,-0.7882623730256464
1.023725986480713,466,175,-0.8217964811610381
1.0424919128417969,469,171,-0.8716606918902245
1.0623691082000732,472,163,-0.9056089330975157
1.0816383361816406,475,157,-0.9398873840368624
1.1003015041351318,478,150,-0.9722031732330452
1.1200239658355713,481,141,-1.0052923922998316
1.138956069946289,484,137,-1.0205225304250467
1.158799648284912,486,132,-1.0541307867385372
1.1779229640960693,488,122,-1.0700966845988598
1.1968042850494385,490,118,-1.1025948640080552
1.2167870998382568,493,113,-1.1184827989930097
1.235440969467163,495,106,-1.1334270732418803
1.253753900527954,496,98,-1.1491960373558632
1.2735826969146729,498,93,-1.1653119005024388
1.2924983501434326,500,88,-1.1628348303209668
1.3167939186096191,502,82,-1.1796347163709848
1.3355448246002197,503,76,-1.173672204981627
1.3537273406982422,505,73,-1.188762868238066
1.3735578060150146,506,71,-1.187412564261428
1.3924601078033447,507,66,-1.202571653650069
1.4122982025146484,508,61,-1.2014223365356136
1.431006908416748,510,58,-1.2008881393552384
1.449892520904541,510,55,-1.1984449246119988
1.4697237014770508,512,54,-1.196836174895613
1.4886558055877686,512,52,-1.1958318162772512
1.5077893733978271,514,48,-1.1933289968892362
1.5276222229003906,514,45,-1.1915876864428698
1.5469472408294678,515,44,-1.1895657573289027
1.5668139457702637,516,40,-1.1703420672959437
1.5855145454406738,516,37,-1.1681100914137863
1.6037135124206543,517,33,-1.1657302960125877
1.6236779689788818,518,33,-1.1643933434763793
1.6424756050109863,518,33,-1.1443421025553588
1.6610205173492432,519,28,-1.1263412614146118
1.680971622467041,519,27,-1.125387924372176
1.7037291526794434,520,26,-1.105485695063094
1.7234601974487305,520,26,-1.1039396494330136
1.742427110671997,520,24,-1.0795859068335263
1.7610011100769043,521,22,-1.06127679047
1.7814090251922607,521,22,-1.0603196387303004
1.800163745880127,522,20,-1.0576434890352768
1.8199751377105713,522,20,-1.0384538928591294
1.8387937545776367,522,20,-1.0198283950411362
1.8581068515777588,522,20,-1.0002783099733872
1.8779473304748535,522,8,-0.9810155192934555
1.896604061126709,522,8,-0.9610777656160874
1.9154071807861328,522,8,-0.9422326842867417
1.9352731704711914,522,3,-0.9230440417849106
1.9590253829956055,522,3,-0.9032042781435532
1.992422103881836,522,0,-0.8845694820009751
2.032578229904175,522,-2,-0.8549657622896714
2.07240629196167,522,0,-0.8130214969240708
2.1156818866729736,522,0,-0.7741528312288803
2.1336922645568848,522,0,-0.7293132106386704
2.1639578342437744,522,0,-0.7040727893435044
2.188710927963257,522,0,-0.6861601630770249
2.2079074382781982,522,0,-0.6504896442019028
2.2276077270507812,522,0,-0.6312669078432602
2.2464113235473633,522,0,-0.6116257468782944
2.266270399093628,522,0,-0.5925253192507309
2.2838644981384277,522,0,-0.5737329284273667
2.3025078773498535,522,0,-0.5539279738985581
2.3222062587738037,522,0,-0.5356193343721909
2.34085750579834,522,0,-0.5177768031679673
2.359753131866455,522,0,-0.49790795245995945
2.3796675205230713,522,0,-0.4790418902956528
2.398533582687378,522,0,-0.45924313464990085
2.4184300899505615,522,0,-0.44044096866479343
2.4374444484710693,522,0,-0.42132528224816745
2.4562928676605225,522,0,-0.40175087848535007
2.476135492324829,522,0,-0.3825023929201645
2.493802309036255,522,0,-0.3638678351961655
2.517609119415283,522,0,-0.34399183193078464
2.536965847015381,522,0,-0.3216641704165024
2.5565829277038574,522,0,-0.30181725421777195
2.5764739513397217,522,2,-0.2823129455172104
2.594404697418213,522,2,-0.263102368506102
2.61271071434021,522,2,-0.24380071559777683
2.632750988006592,522,2,-0.2252255240999741
2.651829481124878,522,2,-0.20570667186608738
2.6713671684265137,522,2,-0.18706114688744968
2.6901159286499023,522,2,-0.16829235950341648
2.708794355392456,522,2,-0.1486748019777817
2.728550672531128,522,2,-0.13009865680566257
2.7478039264678955,522,2,-0.11113365093102878
2.766572952270508,522,2,-0.09157808223596042
2.7864818572998047,522,0,-0.0723331729494614
2.804489850997925,522,0,-0.052381829413084446
2.823974609375,522,0,-0.033682183416990696
2.842745065689087,522,0,-0.01501353183618015
2.861656904220581,522,0,0.004813834039063991
2.8814103603363037,522,0,0.022772236672730983
2.9036219120025635,522,0,0.04172794422277981
2.922403335571289,522,0,0.061305685845704616
2.9422342777252197,522,0,0.08381812175879055
2.9608092308044434,523,7,0.0857940360869911
2.9806363582611084,524,15,0.08713790276199518
2.999641180038452,525,51,0.10605689385086237
3.0185885429382324,526,63,0.09111667271783475
3.038546085357666,528,70,0.09222378974379097
3.057833433151245,529,76,0.09483342065524347
3.0766074657440186,531,78,0.07917460592480552
3.096458673477173,532,79,0.06325949122183339
3.115449905395508,534,80,0.06554725705149878
3.1353495121002197,536,83,0.050017188353775666
3.1534922122955322,537,84,0.05131265605722035
3.1726279258728027,539,81,0.03632880432421892
3.1924121379852295,540,82,0.020075850494659875
3.2112669944763184,542,82,0.022191716528793037
3.230803966522217,544,81,0.023135278409485593
3.249849319458008,545,81,0.007197752360076137
3.2685840129852295,546,78,-0.007826392112793457
3.2886669635772705,548,78,-0.006745977967696604
3.3114140033721924,550,77,-0.0225216178018961
3.3301405906677246,552,78,-0.019882661405212332
3.350022315979004,553,77,-0.03218120468179286
3.3687691688537598,554,75,-0.047277113146973804
3.3885605335235596,556,74,-0.04608988747843945
3.40787410736084,557,72,-0.044505933294281874
3.4267382621765137,558,72,-0.05960804064251768
3.4466185569763184,560,71,-0.057903923494492915
3.4653728008270264,561,70,-0.05547286809878571
3.4854631423950195,562,68,-0.07133767648156919
3.5035674571990967,564,69,-0.0698543349377907
3.522437572479248,565,70,-0.06731813694870148
3.5422933101654053,566,69,-0.08413495071783572
3.562046527862549,568,70,-0.08307313322191057
3.5806801319122314,569,67,-0.07975873699063207
3.6064610481262207,571,63,-0.0958555266508796
3.638758420944214,573,63,-0.11098314478708105
3.6581289768218994,574,63,-0.10851690229706001
3.6769163608551025,575,62,-0.10604460048717002
3.6968259811401367,576,60,-0.1045586363390214
3.7193384170532227,578,60,-0.10205939322969293
3.738943338394165,579,60,-0.09708512685070936
3.7580645084381104,580,59,-0.11316737297763346
3.776944398880005,581,60,-0.1106814813087329
3.796776533126831,582,60,-0.1091711984655177
3.815657615661621,584,59,-0.10752382493931734
3.8339009284973145,585,58,-0.1049702223939537
3.8537189960479736,586,58,-0.10350571591792601
3.8725812435150146,587,59,-0.10120602915930377
3.892488479614258,588,59,-0.11763779692318899
3.911569833755493,589,60,-0.09950081877377492
3.9301912784576416,590,59,-0.11442506586200274
3.9502370357513428,592,56,-0.11274383689756995
3.969402551651001,592,56,-0.11018427388772878
3.988182544708252,594,55,-0.10900038607930362
4.011750221252441,595,54,-0.10747007607544212
4.030282258987427,596,53,-0.10139979948833044
4.050092697143555,597,53,-0.09987306576315547
4.068946838378906,598,55,-0.09872827860170297
4.088013172149658,599,55,-0.09647055351300438
4.111817121505737,600,56,-0.1123839992859228
4.130510330200195,602,58,-0.10989167031538649
4.150296449661255,602,57,-0.10453235793115567
4.1694560050964355,604,55,-0.10330770054570415
4.188357591629028,605,54,-0.10087116152267761
4.208238363265991,606,53,-0.09934490463466261
4.226822137832642,607,51,-0.09682825696905795
4.2466535568237305,608,52,-0.09552492145250291
4.265362739562988,608,51,-0.09394358987271545
4.283476829528809,610,50,-0.09154042945076313
4.3032989501953125,610,51,-0.0903915891734659
4.322309970855713,612,52,-0.0896132513680925
4.340956926345825,612,52,-0.0875479300727271
4.360734939575195,614,51,-0.08604885290272968
4.379806756973267,614,49,-0.08378278316376075
4.399583578109741,616,50,-0.08209988526927603
4.418392658233643,616,51,-0.08106119437552373
4.437593936920166,618,52,-0.07861416493501672
4.457659006118774,618,51,-0.07721426989392555
4.476964473724365,620,51,-0.07474411385124569
4.496097803115845,620,52,-0.07235645063693674
4.519543647766113,622,50,-0.07060155033156335
4.538387298583984,622,50,-0.06462544908319501
4.558771133422852,624,50,-0.06339912276768978
4.577854156494141,624,50,-0.060378458225864406
4.59677791595459,626,50,-0.0588204916668289
4.616772174835205,626,51,-0.05730019524329144
4.63553786277771,628,52,-0.05473586386186646
4.655325889587402,628,50,-0.053014342157567285
4.673543214797974,629,48,-0.05176178979836088
4.692435026168823,630,50,-0.049362682492253285
4.712188005447388,631,50,-0.048565509619130864
4.730956077575684,632,51,-0.04672835490396565
4.74994683265686,633,51,-0.045243344430135224
4.769848823547363,634,52,-0.04358047369629503
4.788707256317139,636,54,-0.041079084819752865
4.808560848236084,636,55,-0.040059228993749585
4.827823162078857,638,57,-0.0383028981768998
4.846755504608154,639,58,-0.03585753766644828
4.866594076156616,640,58,-0.0343031473860993
4.8852972984313965,641,60,-0.031766949397008304
4.903433322906494,642,60,-0.047968881650639617
4.927983999252319,644,59,-0.046367522910207626
4.946743965148926,645,57,-0.04032657180832544
4.9666290283203125,646,56,-0.038940505044820384
4.985530614852905,647,54,-0.03653949039008175
5.016649961471558,648,53,-0.05209173201566131
5.035533666610718,650,52,-0.038733237883993965
5.053661108016968,650,53,-0.0369795296715143
5.073546409606934,651,50,-0.03572650047514969
5.092550277709961,652,50,-0.03333478414499602
5.112607002258301,653,50,-0.032156141545309325
5.131429433822632,654,50,-0.03145481294098573
5.150232315063477,655,51,-0.028902402488515833
5.170130252838135,656,51,-0.027359933137121928
5.1888487339019775,657,52,-0.024791071802695797
5.208021640777588,658,53,-0.023646761478399725
5.227886199951172,660,54,-0.022177009793631797
5.246728181838989,660,56,-0.019737609747656037
5.266735076904297,662,57,-0.01812146905531975
5.285413980484009,663,58,-0.01652797812799811
5.303511381149292,664,58,-0.013996310091910047
5.328231573104858,665,60,-0.03025236336299919
5.346918821334839,666,58,-0.024195676634894525
5.366771459579468,668,58,-0.022680148582939097
5.386226654052734,669,57,-0.021034920823950642
5.403887748718262,670,57,-0.01843053512123838
5.423757791519165,671,59,-0.016993685200386466
5.442488193511963,672,59,-0.03213489319559493
5.461729288101196,673,58,-0.01368749405619063
5.481616020202637,674,56,-0.030182919580695966
5.5005364418029785,675,57,-0.02760285257305206
5.52035117149353,676,56,-0.026137869259864388
5.539492607116699,678,55,-0.024480005316185327
5.5589141845703125,678,55,-0.022367953979316013
5.578691244125366,680,53,-0.020058968896110585
5.597860097885132,680,52,-0.01791973784122547
5.617749929428101,682,52,-0.016277371105186234
5.636651992797852,683,55,-0.01480070528162436
5.655424118041992,684,56,-0.012165563582207994
5.67501974105835,685,58,-0.010610934883278134
5.693548202514648,686,58,-0.026721552821113548
5.718146800994873,688,59,-0.024195606830925698
5.736857891082764,688,57,-0.023454700742471246
5.75559663772583,690,54,-0.01671756738961072
5.775589942932129,691,53,-0.015007489777108418
5.793727397918701,692,54,-0.013676497705375823
5.812607288360596,693,57,-0.011203003802590317
5.8323752880096436,694,57,-0.010271601269433717
5.851024866104126,695,59,-0.008618028860176707
5.870814323425293,696,58,-0.02470099024283634
5.889941930770874,697,57,-0.02312728805758013
5.908699989318848,698,56,-0.020733425960214547
5.928732395172119,700,54,-0.019549299733208514
5.947864532470703,700,54,-0.01787570016330875
5.966619253158569,702,53,-0.015236028510889454
5.98661470413208,702,53,-0.013864266862130492
6.0054097175598145,704,52,-0.011391726633661392
6.025004863739014,704,52,-0.009677595905312586
6.043346405029297,706,54,-0.008293913327600322
6.062244176864624,706,55,-0.006340171927256222
6.081998586654663,708,58,-0.005648141647515814
6.100662469863892,709,59,-0.003269299920633628
6.125457525253296,710,59,-0.019320551632272753
6.143564462661743,712,58,-0.012881918340449161
6.162472486495972,712,58,-0.010448478758950941
6.182474374771118,714,56,-0.009343269081629302
6.201283693313599,715,57,-0.008307439210824441
6.2198779582977295,716,57,-0.0062356806138250676
6.239816188812256,717,59,-0.004775465672221202
6.258617162704468,718,60,-0.019819637305735327
6.278656721115112,719,58,-0.001262804038523413
6.297891616821289,720,57,-0.017002442667276796
6.316719055175781,722,57,-0.014290291766810626
6.336516380310059,722,57,-0.012870607983652249
6.355258226394653,724,55,-0.010443844122370649
6.373407363891602,724,54,-0.008911626769878112
6.393013954162598,726,54,-0.0075544086544443445
6.412250280380249,726,55,-0.0054747822443346195
6.432020664215088,728,56,-0.00483281986620554
6.450525760650635,729,57,-0.00335973032133019
6.469609022140503,730,57,-0.0009680139911765195
6.489479303359985,731,59,0.00010405550365177874
6.508352279663086,732,59,-0.014843556605326214
6.531551837921143,734,58,-0.013286543720607114
6.551325082778931,735,56,-0.008415751004955396
6.56997275352478,736,55,-0.005861194785273582
6.589980840682983,737,55,-0.0037591570287283105
6.608739852905273,738,57,-0.0187828246644397
6.628041744232178,739,57,-6.17209962268106e-05
6.648048639297485,740,57,-0.016018558950541717
6.666883945465088,741,56,-0.013326912047878281
6.686508893966675,742,55,-0.011856921944531251
6.705028533935547,743,54,-0.010135400240230297
6.723454713821411,744,52,-0.008307067012493619
6.743344068527222,745,53,-0.006568617589076453
6.7620673179626465,746,53,-0.0044925674576532515
6.780906438827515,748,54,-0.003820802757138253
6.800854921340942,748,55,-0.002398734788188861
6.819910764694214,750,54,9.693204245309062e-05
6.839789390563965,751,56,0.0016939992484630295
6.858578681945801,752,58,0.0031086762414584967
6.877751111984253,753,58,0.005322055474444198
6.897684335708618,754,59,-0.01041829841004649
6.919781923294067,756,58,-0.008300048190122311
6.9396278858184814,756,56,-0.00656231402244245
6.962322235107422,758,56,-0.0018576990564245222
6.982280492782593,759,55,0.004315574356860807
7.002033710479736,760,55,-0.011655568712201969
7.020843744277954,761,58,-0.008223632121426405
7.040706634521484,762,58,-0.0067650861098762505
7.059803485870361,763,55,-0.00509911593450596
7.086259841918945,765,54,-0.0029150621867497506
7.116433382034302,766,55,-0.018411990701977743
7.135347843170166,768,57,0.001500391750612451
7.1550140380859375,769,57,0.0028809748867963947
7.173399448394775,770,56,0.005366866555696959
7.193310499191284,771,57,0.007024492080796918
7.212029933929443,772,56,0.0073438741214015835
7.230710744857788,773,57,0.009830242627458574
7.250720024108887,774,57,-0.006336642095044809
7.269662857055664,775,58,-0.0038910431660141853
7.2885520458221436,776,59,-0.002345951210248387
7.308501243591309,778,60,-0.0010550134598066307
7.331750392913818,779,58,0.0013307424058695005
7.351586580276489,780,58,-0.010180065885359468
7.370483636856079,781,58,-0.008074451850125897
7.389463901519775,782,58,-0.006183652954664609
7.409043073654175,784,56,-0.004967340219481642
7.428335189819336,784,55,-0.0025706170991650623
7.4483513832092285,786,55,-0.0010608110931080716
7.4670188426971436,787,55,0.0004978707216647393
7.486218214035034,788,57,0.003031207687806514
7.506142616271973,789,58,0.004704092001968974
7.523888826370239,790,58,-0.010268554057814683
7.542786598205566,791,60,0.008557692203781997
7.563462495803833,792,58,-0.0076416174454791985
7.58245062828064,794,57,-0.004313631355193692
7.602252960205078,794,55,-0.003989719361586097
7.620981931686401,796,55,-0.002485635401427544
7.639924764633179,796,56,-4.1466983871529806e-05
7.659929990768433,798,58,0.001469531115082745
7.678832292556763,799,59,0.004038392449508876
7.69861626625061,800,59,-0.012030502236983764
7.721434831619263,802,57,-0.010575294085541032
7.740265130996704,802,56,-0.008028128841811366
7.760135173797607,804,55,-0.0027112549646606254
7.778957366943359,805,54,-0.00040679983445812695
7.798267602920532,806,54,0.0008362157815859916
7.818223237991333,807,56,0.0023991891307826307
7.83692741394043,808,58,0.004930618748291593
7.856820344924927,809,57,0.006354117228713818
7.875509262084961,810,58,-0.009274418342178237
7.893681526184082,811,58,-0.006962095398865387
7.913709878921509,812,58,-0.005698575785018534
7.932480096817017,814,56,-0.003064626178497676
7.952305793762207,814,55,-0.0021177264376994742
7.9715635776519775,816,54,-0.0014855392213135588
7.990206241607666,817,55,0.0009622054749289788
8.01012659072876,818,57,0.002846328650177199
8.02895712852478,819,57,0.0040182955296472755
8.048028230667114,820,56,0.006421455951597821
8.068018198013306,821,58,0.007898598612319674
8.08689022064209,822,59,-0.007049013496660095
8.106956005096436,823,58,-0.005533723863281992
8.129414558410645,824,55,-0.0036484085951400402
8.14856767654419,826,54,0.0019536139026179455
8.168379545211792,827,54,0.0035089578572833346
8.187004089355469,828,57,0.006141715370908685
8.206871032714844,829,58,0.007473899535536788
8.225600481033325,830,59,-0.008408551822098431
8.243841886520386,831,58,-0.005956754010011167
8.263648509979248,832,57,-0.004540408086961989
8.282571792602539,833,55,-0.0032797494960643547
8.301565170288086,834,55,-0.0011309816980151766
8.32135009765625,836,57,-0.0004987944816292611
8.340144634246826,837,58,0.0019410824015029249
8.36004090309143,838,60,0.003597754252286478
8.378743648529053,839,58,0.004798092942671417
8.39795732498169,840,57,-0.010233204087573
8.417851209640503,841,58,-0.008699079386445874
8.436630725860596,842,58,-0.0062305922738215
8.45544719696045,843,56,-0.004757979566102577
8.475292444229126,844,54,-0.003005225027941094
8.493519067764282,846,53,-0.0006843190157805878
8.513383865356445,846,53,0.0007375105345897026
8.536872863769531,848,55,0.001019699276852748
8.556471586227417,849,57,0.00819433072236464
8.576471328735352,850,56,-0.00706322553944716
8.595004081726074,851,58,-0.00450771564544894
8.614434957504272,852,58,-0.0032859192829466366
8.633476495742798,853,55,-0.0016037366441974399
8.652353048324585,854,54,0.0005612436172306445
8.672064542770386,856,55,0.0013295678422817758
8.690892696380615,857,57,0.0037200920795417147
8.709877729415894,858,59,0.0051443058157012445
8.729788541793823,859,59,0.0067487639976615554
8.74874234199524,860,59,-0.008199086529895538
8.768630743026733,861,59,0.010380158083751923
8.787864208221436,862,57,-0.005206415817218257
8.806978940963745,864,56,-0.0028106463712198604
8.826838254928589,864,56,-0.0010016250483886324
8.845533609390259,866,56,0.0014246619757347645
8.863722801208496,867,57,0.0031240107521792737
8.883668661117554,868,59,0.004387291947445249
8.902519464492798,869,57,0.0068834356152454035
8.927358865737915,870,58,-0.009490158015339034
8.9462308883667,872,59,-0.008805757130129876
8.963911294937134,873,58,-0.0013524143656500343
8.983974695205688,874,56,-1.4984992283473275e-05
9.00331997871399,875,56,0.002463038863506739
9.022958040237427,876,56,0.004055576116511972
9.041973352432251,877,56,0.004753328442149041
9.06075143814087,878,58,-0.010319691839436373
9.080625057220459,879,58,-0.00889905438196159
9.099593162536621,880,58,-0.006374777321827452
9.119545936584473,882,56,-0.005033771669774367
9.138684272766113,882,55,-0.003643413371845483
9.157829761505127,884,53,-0.0011796946308031409
9.177833557128906,884,53,0.0007003754286003527
9.196622610092163,886,54,0.002316754539515742
9.215388536453247,887,56,0.004731597471842264
9.235039234161377,888,58,0.0063222273762164605
9.25339937210083,889,58,0.008747083888865248
9.273032188415527,890,59,-0.007356619910176221
9.29227352142334,891,58,0.010418677254740771
9.310915231704712,892,56,-0.004604751962391518
9.335415601730347,894,55,-0.0030348644744009334
9.353656768798828,895,56,0.004184112826822073
9.373514890670776,896,55,0.005688912042719707
9.392379760742188,897,57,0.006306794144357752
9.41161060333252,898,58,0.008774327582667496
9.431368589401245,899,57,0.009884305631571166
9.450045824050903,900,58,-0.005782138493398037
9.468894481658936,901,58,-0.00350080996536839
9.488614320755005,902,58,-0.002263993232380912
9.508615493774414,904,57,-8.685362341864789e-05
9.528576850891113,905,58,0.0023451554466031865
9.548290014266968,906,58,0.004137725887476407
9.567001819610596,907,57,0.006650558855813671
9.586878538131714,908,58,-0.008856621658315689
9.605679512023926,909,59,-0.0064997144407108465
9.623786211013794,910,58,-0.00471072027852415
9.643612384796143,912,56,-0.0033885496942200888
9.662659883499146,912,55,-0.0010497622886269653
9.682674407958984,914,54,7.690506081559079e-05
9.701791763305664,914,54,0.0010383483349389877
9.720535039901733,916,55,0.003745730863824903
9.744413375854492,917,56,0.005188779667733456
9.762860536575317,918,57,-0.005341174589073461
9.78279995918274,919,58,-0.0041088878090889125
9.802006244659424,920,57,-0.0033264968878690127
9.82052230834961,922,55,-0.0008403668003928999
9.84047794342041,922,56,0.000504930386085789
9.859500646591187,924,57,0.002895931460503931
9.878323078155518,925,59,0.004155636377085159
9.898254871368408,926,58,-0.01182957338814461
9.917020797729492,927,59,0.00818542790885246
9.936830043792725,928,57,-0.008021749553520863
9.955644369125366,929,56,-0.006203191487525572
9.973727941513062,930,56,-0.003775235533346688
9.9935302734375,931,55,-0.0025179148025600284
