0.009720087051391602,7.7638306946061615,2,21
0.13671159744262695,78.3463015087559,5,67
0.16377758979797363,79.82061656024175,11,277
0.18999147415161133,75.7062117941101,22,448
0.21651458740234375,66.28103264771983,37,519
0.2410593032836914,53.40913547958499,50,542
0.27186059951782227,32.838857210630614,63,524
0.29456114768981934,15.578321811553987,76,445
0.315767765045166,-1.286744261334121,80,391
0.328385591506958,-11.342709844597943,84,333
0.3412957191467285,-21.44370318815662,87,266
0.35343503952026367,-30.619010112055065,89,220
0.3663797378540039,-39.903378501714776,90,145
0.37970566749572754,-48.76217351355784,90,31
0.3919532299041748,-56.14505548511779,89,-28
0.40410852432250977,-62.64091179684649,86,-94
0.41777515411376953,-68.83627368644723,83,-213
0.4305400848388672,-73.46537759393678,80,-281
0.4426572322845459,-76.75453786538235,75,-358
0.45491623878479004,-78.93664722989166,69,-420
0.4695277214050293,-79.98828778391118,60,-500
0.4893667697906494,-78.68911681981167,52,-551
0.5015299320220947,-76.35779041803674,44,-582
0.5145401954650879,-72.61644838211642,37,-603
0.5265779495239258,-68.05979572071894,28,-621
0.540097713470459,-61.77151506432827,20,-629
0.5522913932800293,-55.1294497330526,10,-625
0.5700666904449463,-44.01029972054382,1,-588
0.5845677852630615,-33.89464076997024,-7,-562
0.5990085601806641,-23.11368962397532,-13,-522
0.6113126277923584,-13.539242168618104,-20,-473
0.624469518661499,-3.0784493987528294,-24,-420
0.6364507675170898,6.498620990673749,-28,-356
0.6499204635620117,17.1474541692352,-32,-275
0.6620514392852783,26.47743109441602,-35,-229
0.6750273704528809,36.02307814408186,-36,-147
0.6926436424255371,47.98399903034606,-36,-31
0.7048654556274414,55.430034425819095,-35,29
0.722977876663208,64.91434095589482,-29,222
0.7518377304077148,75.53691617198696,-21,363
0.7937338352203369,79.72222719531922,1,531
0.822277307510376,74.62109585219032,19,599
0.8476834297180176,64.97741197959331,33,627
0.8656201362609863,55.609012671502285,40,627
0.8836312294006348,44.40683428997482,52,609
0.9018123149871826,31.643132867938668,66,540
0.9264140129089355,12.795828720049535,74,475
0.940178632736206,1.8391686271746186,79,427
0.9524264335632324,-7.9457875479977105,83,362
0.9657564163208008,-18.455157345913676,86,283
0.9784748554229736,-28.179736930858617,89,224
0.991051197052002,-37.34860750716395,90,154
1.003049612045288,-45.54820939070228,90,154
1.0163450241088867,-53.86454706773914,90,0
1.0296783447265625,-61.24964720285707,88,-39
1.0418345928192139,-67.03826884249382,85,-113
1.0539474487304688,-71.82217314069344,81,-281
1.0667524337768555,-75.73379556372507,76,-330
1.0801761150360107,-78.50215622511831,71,-395
1.092334270477295,-79.7913946597159,65,-461
1.1045467853546143,-79.90044593773946,58,-499
1.1180059909820557,-78.64245908752905,51,-553
1.1310203075408936,-76.07290568338534,43,-587
1.143052339553833,-72.55131900432094,35,-608
1.1556577682495117,-67.73773560446006,28,-622
1.1697611808776855,-61.08223946972878,21,-625
1.181962251663208,-54.34046235234188,12,-623
1.1942362785339355,-46.74338968107964,5,-611
1.206296682357788,-38.59278904085306,-3,-582
1.2203483581542969,-28.397978101570853,-10,-534
1.232555866241455,-19.079298219473756,-16,-499
1.2448134422302246,-9.43687185804932,-22,-445
1.2593154907226562,2.1424872384827607,-27,-370
1.272230625152588,12.424356151369976,-32,-275
1.2919025421142578,27.631235936417404,-34,-198
1.3040473461151123,36.52323451325788,-36,-161
1.317732334136963,45.89184806362856,-36,-89
1.3304197788238525,53.8145405922078,-35,33
1.3425819873809814,60.598649936899164,-33,44
1.3548438549041748,66.53179841317954,-30,153
1.3693594932556152,72.25795480447016,-27,272
1.3815438747406006,75.89522950970317,-22,333
1.3936796188354492,78.3994282618823,-17,401
1.405951976776123,79.75895780037696,-11,456
1.4200901985168457,79.83756876283222,-4,508
1.4323341846466064,78.61755619974731,3,556
1.444568157196045,76.22285150744175,10,588
1.4565284252166748,72.77991810863479,19,612
1.4707062244415283,67.35659746108824,26,623
1.4827942848205566,61.66015113609231,35,623
1.4954273700714111,54.74669837104469,43,620
1.5085070133209229,46.670990847399274,50,611
1.5220165252685547,37.49454922271497,58,577
1.5341134071350098,28.69259138895883,64,543
1.546269178390503,19.42557541206872,70,505
1.5596861839294434,8.869840460397025,76,443
1.5725810527801514,-1.4277049921734983,80,380
1.5848121643066406,-11.175995077457168,84,332
1.5974922180175781,-21.103943673879265,88,243
1.6138103008270264,-33.35982540196102,90,175
1.630323886871338,-44.85895772545938,90,142
1.6437537670135498,-53.3241944016614,89,0
1.655958652496338,-60.1880589714255,88,-40
1.670107126235962,-67.01818104221381,85,-117
1.689673900604248,-74.23306100891543,79,-301
1.7017993927001953,-77.29542852771574,74,-377
1.7139596939086914,-79.22659957551146,68,-428
1.7268998622894287,-79.99618896740073,61,-485
1.7402169704437256,-79.3915705825406,55,-532
1.752357006072998,-77.61466241767994,48,-566
1.7646100521087646,-74.66284883623108,39,-599
1.7784793376922607,-69.97390842829199,32,-615
1.791309118270874,-64.43744028725547,23,-624
1.8034329414367676,-58.230474723167795,16,-625
1.8157079219818115,-51.07562994613009,8,-618
1.829758644104004,-41.94921956422683,1,-591
1.8419749736785889,-33.33556985433345,-6,-558
1.854355812072754,-24.09958198619886,-13,-520
1.86639404296875,-14.764119032012953,-19,-467
1.880340337753296,-3.690892892535941,-24,-419
1.8925399780273438,6.06169335908241,-28,-363
1.904843807220459,15.805891209955224,-32,-292
1.9176385402679443,25.68335677268069,-34,-232
1.9314651489257812,35.88065759088038,-35,-173
1.943591833114624,44.26677814795341,-36,-146
1.9557909965515137,52.046772665826,-35,-29
1.9693000316619873,59.75501631468917,-33,19
1.9822583198547363,66.1274599365839,-31,191
1.9945297241210938,71.14140507245514,-27,255
