0.0973515510559082,0,0,-0.9303128442909028
0.13447308540344238,0,0,-5.916685320367224
0.17310333251953125,-2,-62,-8.086464863213502
0.21060729026794434,-7,-172,-8.219942143678917
0.24831128120422363,-18,-301,-3.344440525807398
0.2852194309234619,-34,-449,5.606637329638424
0.33071470260620117,-58,-561,19.51361515202157
0.36864209175109863,-79,-499,43.029457074538655
0.4064164161682129,-90,-249,60.03224444039647
0.44348597526550293,-87,130,67.03781071522499
0.4818756580352783,-72,465,60.01805302781557
0.519615888595581,-50,628,41.12769839816562
0.5572912693023682,-23,730,17.24882871353172
0.5934493541717529,5,777,-12.558465265707571
0.6316912174224854,33,692,-43.37937814120971
0.6695427894592285,52,429,-71.1334982433143
0.7272484302520752,51,-142,-89.86541455122887
0.7700433731079102,31,-512,-85.56409309837568
0.808185338973999,7,-661,-68.15188864548848
0.8463380336761475,-21,-749,-44.65022353012846
0.8834221363067627,-49,-794,-19.115197298494387
0.921295166015625,-80,-809,9.486747662980811
0.9586799144744873,-110,-739,39.14907009348779
0.9971930980682373,-131,-516,67.85894327480996
1.0347604751586914,-138,-196,84.70924842213364
1.0728092193603516,-130,264,88.5631403779449
1.1188082695007324,-107,569,77.4858132232115
1.1552133560180664,-83,696,51.31086251404654
1.1935033798217773,-54,758,24.420272063142278
1.2315359115600586,-24,795,-3.396896060037278
1.2682032585144043,6,771,-35.14769650556747
1.30621337890625,30,582,-64.80453176166178
1.3434076309204102,40,253,-88.3835143160444
1.3807644844055176,36,-111,-95.90263539797775
1.4193899631500244,19,-490,-90.33415210245339
1.4563193321228027,-4,-636,-72.68671384401944
1.4935352802276611,-30,-730,-50.956000131486924
1.5391781330108643,-65,-799,-17.180823249596564
1.5767221450805664,-96,-820,12.723083811245715
1.6134483814239502,-125,-769,43.707905257333834
1.651609182357788,-148,-541,72.77509899418419
1.6887609958648682,-156,-198,92.92104574455328
1.7271265983581543,-149,285,99.14440652208702
1.7634825706481934,-132,510,90.4505761444504
1.801788568496704,-108,667,71.8365069273236
1.8401973247528076,-80,743,47.31232285125814
1.8784804344177246,-50,791,19.870770328344513
1.9226806163787842,-14,811,-9.51018924200271
1.96152663230896,16,737,-46.63599077351115
1.9993877410888672,37,472,-72.84077865189643
2.038137435913086,42,43,-90.94950282115062
2.0751304626464844,32,-333,-92.01053809727568
2.1127572059631348,12,-555,-79.97116689842139
2.1506283283233643,-12,-693,-57.892925516025386
2.187809705734253,-41,-752,-30.72187121738761
2.225219488143921,-71,-793,-1.4992941561276325
2.2634360790252686,-100,-799,30.792977788656366
2.306469202041626,-129,-569,60.139011112425145
2.347515106201172,-141,-241,90.89724975532084
2.386293411254883,-136,123,100.37231223472716
2.4221365451812744,-120,484,94.95366618456015
2.460644006729126,-96,640,78.52542724365904
2.4984962940216064,-69,737,56.22365570191475
2.536561965942383,-40,789,30.923409065032907
2.573634386062622,-10,825,2.6837435365281763
2.612675189971924,23,814,-26.500373841679117
2.6507771015167236,50,664,-55.58984518110283
2.6880667209625244,65,295,-79.67541517769229
2.7321290969848633,63,-80,-90.76226563006547
2.769866943359375,49,-458,-84.46958108399356
2.8082828521728516,25,-618,-65.46528592079778
2.84651517868042,-2,-723,-39.44962632001098
2.8831968307495117,-29,-784,-11.360429292897852
2.921379327774048,-60,-788,19.70595159493023
2.958815813064575,-87,-658,51.83061279623339
2.9964187145233154,-103,-363,79.94213976140385
3.0335373878479004,-104,41,96.05059862702804
3.0713601112365723,-93,381,98.1770667340013
3.113379955291748,-69,611,86.33268040547865
3.1537463665008545,-43,715,62.882069609537474
3.1902225017547607,-14,773,39.05611100727847
3.228559732437134,17,816,12.153930114701625
3.2664167881011963,48,819,-16.713948569896942
3.3022987842559814,76,725,-45.544123200473415
3.3403873443603516,95,456,-69.41527805759162
3.378812074661255,99,0,-85.32190937262143
3.416609525680542,88,-345,-84.20541048144786
3.4531664848327637,69,-573,-70.14033331755931
3.490711212158203,44,-694,-46.05462518414812
3.536240816116333,10,-766,-20.038583368063286
3.5743789672851562,-20,-781,17.34765179769389
3.6120998859405518,-47,-654,49.33787995515425
3.648775100708008,-61,-354,76.29687634804124
3.6873762607574463,-62,75,91.13364626592367
3.7251036167144775,-49,401,91.02603042104872
3.762162685394287,-28,598,77.8623353768277
3.799612283706665,-3,703,57.65682786428367
3.838745355606079,27,776,33.35617617222208
3.8765571117401123,57,808,6.044304370903092
3.9214696884155273,93,799,-21.34728411556057
3.958589553833008,121,691,-57.44355029404323
3.9963011741638184,137,363,-82.01578169385658
4.0334696769714355,138,0,-94.56916051802222
4.069956541061401,126,-375,-92.18026340187015
4.108283042907715,105,-581,-76.86118800827393
4.1456685066223145,79,-693,-53.66408652870527
4.183793783187866,52,-768,-28.473576476651473
4.221582889556885,22,-795,3.6563095079763173
4.258778810501099,-7,-748,34.707580153972685
4.297394037246704,-30,-539,62.652342375029356
4.363368511199951,-37,116,84.56727195467285
4.427309989929199,-8,585,87.04668595568731
4.48832368850708,37,741,54.16226178694691
4.533483028411865,69,793,11.992623746468944
4.587357759475708,114,821,-17.553907325197592
4.624356985092163,144,750,-62.11445917915205
4.662172555923462,164,463,-90.89694470317544
4.698692083358765,168,0,-108.75896684704713
4.743596076965332,156,-383,-110.7059316372776
4.781418561935425,135,-591,-95.74481109576627
4.820039987564087,108,-697,-73.86639386777054
4.8571577072143555,81,-765,-47.07808030716183
4.89569091796875,51,-799,-18.360377738213806
4.933486700057983,20,-819,10.273995067804222
4.97135066986084,-10,-752,40.820821003534085
5.008267641067505,-33,-542,69.29329176911838
5.045192718505859,-40,-199,89.69491874606503
5.093409538269043,-31,319,92.84077274463797
5.138780355453491,-6,585,81.05153170035875
5.176615476608276,19,696,55.02514614560099
5.213387966156006,46,763,27.0909660135383
5.251440525054932,76,797,-1.9388022097405795
5.28854513168335,106,781,-32.01274417686293
5.3272178173065186,131,590,-63.12285379439449
5.363489389419556,142,246,-87.37285555275236
5.401721477508545,139,-120,-97.68022376735395
5.439335346221924,124,-467,-93.01290008958718
5.4773032665252686,101,-621,-78.4123161148095
5.5182154178619385,72,-730,-55.874889242213676
5.557383298873901,42,-789,-26.71809960380078
5.597184658050537,10,-814,1.7156205262105573
5.634131908416748,-21,-797,31.062307811784684
5.67113995552063,-45,-628,59.34993302808
5.709087133407593,-59,-263,81.57942291670074
5.747217178344727,-57,81,89.84027833902152
5.784587621688843,-42,451,83.99745241651428
5.821961879730225,-21,618,66.09209897634807
5.859528064727783,6,716,40.12415217331997
5.8976850509643555,35,775,11.204444600103663
5.9419684410095215,70,801,-18.752291297028517
5.980114936828613,99,694,-57.17648107419919
6.0172648429870605,115,359,-86.26329073709852
6.054354429244995,116,-39,-101.23551800306345
6.09207558631897,105,-366,-102.33477102082031
6.128809213638306,85,-578,-91.47150248136855
6.167301893234253,60,-690,-71.62919163721563
6.204173564910889,32,-756,-49.67740680538981
6.242023944854736,2,-798,-22.84114845856179
6.279359817504883,-28,-826,4.9960639528846515
6.319862365722656,-60,-747,34.79545357169404
6.362200021743774,-88,-569,65.2982999771841
6.400756120681763,-97,-193,85.10481253389591
6.438584804534912,-91,149,89.90540964763993
6.474450349807739,-75,499,79.82677880655989
6.512531042098999,-52,646,60.76472945853481
6.551328182220459,-24,732,34.62445783608725
6.5880937576293945,5,783,4.47780730936833
6.625635623931885,35,797,-27.561375425284133
6.663456201553345,61,671,-57.56971664434647
6.7014782428741455,76,330,-85.60014053863488
6.746600151062012,74,-124,-100.60077332864078
6.782856225967407,60,-456,-98.89044490625002
6.8216893672943115,37,-622,-84.77877223005359
6.85938572883606,11,-719,-62.68785351579902
6.897356748580933,-18,-775,-37.51753958510935
6.933432579040527,-47,-811,-10.264810861792611
6.971499681472778,-79,-817,17.027040320824234
7.008626222610474,-107,-710,46.32956878540828
7.0473387241363525,-127,-433,73.65622656121113
7.084833860397339,-131,-39,89.09208735347599
7.128526210784912,-117,398,88.58030567025881
7.168057203292847,-96,591,70.82184417289174
7.206493616104126,-70,707,47.4222289210613
7.243463754653931,-43,764,20.09722214174576
7.281675577163696,-13,788,-9.15111490741321
7.319358587265015,16,724,-41.36519113666829
7.356743574142456,37,486,-69.48308642616814
7.393250465393066,44,187,-89.51909658687136
7.431413650512695,36,-256,-94.48229462636886
7.468792676925659,17,-532,-85.40094100829029
7.50567102432251,-7,-672,-67.22460574305202
7.550077199935913,-39,-751,-42.98148576884798
7.58820915222168,-69,-796,-10.782417879181835
7.626383066177368,-100,-811,17.63464346069958
7.663952112197876,-129,-726,48.109544406685785
7.701441764831543,-149,-464,76.66761137677248
7.739185810089111,-154,-43,94.31513553625335
7.777241945266724,-145,314,97.0398890135099
7.814164876937866,-126,544,85.85032733525534
7.851930379867554,-103,668,65.73451521140825
7.889978885650635,-74,745,39.70484596775925
7.934764623641968,-39,799,11.755885134118323
7.973150014877319,-8,795,-23.079970894991035
8.00997257232666,19,664,-52.84574584770859
8.048058271408081,34,354,-78.53183996721432
8.086300134658813,34,-82,-91.15950438620986
8.123266458511353,21,-405,-88.68319504341662
8.160084247589111,0,-592,-73.13170069501246
8.19823145866394,-26,-700,-50.519943581925524
8.236476421356201,-55,-766,-24.827345407634475
8.273441076278687,-83,-789,6.966899066434969
8.311334609985352,-112,-730,37.82898409841747
8.357219934463501,-138,-468,64.75919763166117
8.394505023956299,-144,-236,89.95439381152028
8.43276834487915,-136,269,95.05267181194972
8.469923257827759,-118,530,86.2420365545861
8.508126974105835,-93,665,67.48008905245933
8.546338558197021,-65,742,43.73294174998665
8.58329439163208,-37,793,18.098358718774087
8.619603872299194,-8,805,-10.481944393814892
8.658139705657959,22,746,-38.99193731961756
8.696490287780762,44,526,-64.52106723056916
8.74158000946045,50,37,-83.8999497734865
8.779730081558228,40,-349,-85.88759928549015
8.817375183105469,19,-565,-70.14506022611901
8.856369256973267,-6,-690,-48.40997918510062
8.893473625183105,-33,-761,-21.576465122985976
8.930071592330933,-63,-784,9.282263851096921
8.96826457977295,-91,-724,41.176984765543295
9.006425380706787,-112,-483,70.02406594788981
9.043591976165771,-118,-195,91.01235839984054
9.080012321472168,-110,280,97.01821152346882
9.117828130722046,-92,522,89.04245191219046
9.162600994110107,-63,689,67.99024611734566
9.20058560371399,-35,755,44.517737088350074
9.238258123397827,-5,795,17.636325894029998
9.275140047073364,26,818,-10.304797615244173
9.317544937133789,57,739,-37.17956284942406
9.371828556060791,85,347,-66.80044556719878
9.431621074676514,81,-297,-89.36411636839338
9.493851661682129,46,-619,-72.8591592318993
9.548979043960571,9,-749,-34.32431136100628
9.597593307495117,-29,-794,7.6553061456680895
9.635258674621582,-59,-746,43.180262215007005
9.67326021194458,-80,-534,74.32716654300714
9.711387395858765,-88,-247,97.4373501189517
9.748180866241455,-81,255,104.53843461152516
9.786295175552368,-63,514,97.50524657721999
9.824715614318848,-39,664,80.57557749071141
9.86319899559021,-12,746,57.66720602808593
9.89988660812378,16,785,31.646462500694152
9.943988561630249,54,825,3.5345110758009106
9.981979846954346,85,814,-30.24649981450919
10.019708156585693,110,644,-59.3933169925584
10.058061838150024,125,276,-81.55753835036384
10.100805044174194,121,-92,-91.53410093087652
10.139118909835815,106,-477,-82.85831814159917
10.176788568496704,82,-635,-64.2243936126134
10.213326215744019,57,-721,-38.63228420000683
10.25173020362854,28,-779,-10.07697245836355
10.289619207382202,-2,-787,19.40621516357041
10.332567930221558,-33,-641,51.84407781398759
10.371668100357056,-49,-361,82.41602958773163
10.408747911453247,-51,0,97.7081382974196
10.446587800979614,-38,387,96.89823511237593
10.484160423278809,-17,592,84.03919693650698
10.520598411560059,7,692,64.13656717241297
10.559091091156006,35,764,38.1508271013297
10.59720516204834,66,804,12.058465676651522
10.63434100151062,97,807,-18.075926565058026
10.670847415924072,123,683,-47.28223462699755
10.708566427230835,140,382,-73.56732160034223
10.753157138824463,141,-57,-86.94908079141052
10.791605234146118,127,-429,-84.28890428294906
10.829461574554443,106,-603,-67.82059603625687
10.866722106933594,80,-705,-43.42638725816549
10.905204772949219,51,-769,-18.136123130536397
10.9434974193573,21,-797,11.092991717344944
10.980028867721558,-8,-715,41.23574139600751
11.017795324325562,-28,-484,69.29392756642807
11.055257558822632,-34,-46,87.27318956213003
11.093465089797974,-26,287,91.16997582418654
11.136268615722656,-4,553,80.9851568482399
11.17478084564209,20,686,56.6600296588157
11.212840795516968,48,745,31.30924764959377
11.25131607055664,78,799,2.8676135396242586
11.289499759674072,109,789,-27.661382584670008
11.326385498046875,135,648,-58.256883096077885
11.363593816757202,149,287,-83.91854559575964
11.40117597579956,148,-24,-96.6708627299199
11.438128232955933,135,-422,-94.49613870425424
11.47514033317566,115,-590,-80.38609808352365
11.51274561882019,89,-706,-60.33138184772091
11.558278799057007,54,-778,-35.38155610734877
11.596518278121948,24,-797,-0.7064363587469273
11.633267879486084,-4,-761,26.078938811816798
11.670830249786377,-29,-614,54.82094349002431
11.708804368972778,-42,-274,76.47958241811261
11.746417045593262,-40,126,86.10380145686028
11.783261060714722,-26,429,79.657854249142
11.821626663208008,-4,612,63.16608983941059
11.858696699142456,22,715,38.567543454372974
11.895663976669312,51,773,9.962612519295135
11.939258575439453,84,784,-20.690299443032742
11.978771209716797,113,661,-58.76012122858031
12.016788482666016,128,328,-84.52754929575735
12.05358338356018,129,-35,-99.3397851958012
12.09059739112854,117,-397,-100.20335850610658
12.128767967224121,96,-593,-88.10054016291431
12.166729211807251,70,-698,-68.02589740767867
12.203378677368164,44,-764,-43.99263927321902
12.239770889282227,15,-799,-18.99324748268121
12.278129816055298,-18,-816,9.010320285048373
12.316476821899414,-47,-750,36.9882401057947
12.36172342300415,-72,-480,62.86205432036789
12.399352550506592,-79,-192,86.27981665257629
12.43744158744812,-71,266,87.12128712077244
12.474618434906006,-52,529,75.0630299251512
12.512043237686157,-28,657,53.90216685711558
12.548772811889648,-2,743,26.741049359678687
12.587567806243896,28,787,-2.3402110241678358
12.626276016235352,59,768,-34.55047492695776
12.663417100906372,82,570,-65.74541370990273
12.700185775756836,92,249,-89.91059090892645
12.741575002670288,86,-272,-100.0113943792089
12.783581018447876,66,-532,-92.56637754691963
12.822014331817627,41,-663,-75.69782953327388
12.859350681304932,15,-748,-51.84124922548049
12.897728443145752,-15,-793,-24.98186989826566
12.93653917312622,-48,-821,1.0455513607640228
12.973868131637573,-79,-797,29.978169114498346
13.010830163955688,-104,-643,59.965387787019296
13.049306392669678,-117,-278,82.97688433595204
13.087301969528198,-116,87,91.06785836961534
13.124636173248291,-101,445,85.22196969296901
13.170074462890625,-73,639,67.35658731223475
13.20715045928955,-48,725,36.1581810618152
13.244506120681763,-19,783,8.507901767890793
13.282728433609009,12,795,-22.215283560999467
13.319584131240845,38,663,-53.90237328953106
13.357656955718994,54,357,-81.50458230654976
13.395240783691406,55,-32,-95.98478400398432
13.433380603790283,43,-398,-96.49134370215883
13.470001220703125,23,-580,-83.91471352673581
13.508323192596436,-3,-691,-64.27807288051966
13.553507804870605,-36,-773,-39.51874320258551
13.591472864151001,-66,-803,-8.013580270661492
13.62935471534729,-97,-808,21.837235018354157
13.666285276412964,-125,-715,51.77127832115698
13.703433275222778,-142,-417,76.79700362879345
13.741424560546875,-146,-40,91.8577342465953
13.778103590011597,-136,341,92.99813894365396
13.815160989761353,-118,555,79.22629531878854
13.853821277618408,-91,680,59.525742748129794
13.891460418701172,-65,753,31.88946353332601
13.928675174713135,-35,796,4.337250081364601
13.973880290985107,2,800,-27.147917779258442
14.011961936950684,28,660,-63.5919749486513
14.049739122390747,42,267,-88.89244189874185
14.08785367012024,40,-48,-100.1090147387803
14.123922109603882,26,-443,-96.24081328841359
14.162380456924438,4,-609,-80.29438953445563
14.200713872909546,-22,-718,-57.26648789862118
14.239337921142578,-51,-774,-30.153678578005398
14.275752544403076,-81,-802,-0.9640276688336584
14.31769347190857,-114,-785,27.302489473873045
14.37685775756836,-150,-397,62.69921659937379
14.439380407333374,-157,25,98.50413544563273
14.50151252746582,-131,539,99.50927209418748
14.546419143676758,-101,691,69.71885443518028
14.599268913269043,-62,781,44.569481677283875
14.636794805526733,-32,809,6.852742707548941
14.674520015716553,-2,783,-23.140210454006514
14.711459159851074,24,651,-52.04175455487448
14.756354093551636,41,279,-75.90923714034406
14.793436050415039,39,-84,-87.4759420222789
14.832550525665283,23,-458,-82.1679815302848
14.869486093521118,1,-612,-63.76334088264824
14.907437562942505,-24,-712,-39.32915134416132
14.945664644241333,-53,-769,-12.891675090731297
14.983352184295654,-83,-788,17.675528875362502
15.019520282745361,-109,-687,49.29303987204166
15.057256698608398,-126,-377,76.94286307650489
15.101285934448242,-127,69,94.85816200727523
15.138627052307129,-114,409,93.62805849461421
15.183425664901733,-89,622,77.57864249513659
15.220059633255005,-62,719,56.61954721685409
15.258175373077393,-34,771,31.466965204282598
15.296440362930298,-3,807,5.374280966371021
15.333523511886597,26,813,-22.629801807472543
15.370746374130249,54,666,-51.61243126405767
15.409361839294434,70,349,-75.6025932988379
15.447187423706055,71,-86,-87.55497956292093
15.484372615814209,59,-391,-84.48493621279847
15.521485090255737,40,-577,-68.37114713841535
15.567177057266235,9,-704,-46.272616405631595
15.60434889793396,-20,-765,-11.743876167383085
15.642235279083252,-50,-782,18.416627760571803
15.67938780784607,-76,-713,50.60107932280354
15.716774940490723,-95,-443,79.67585122818839
15.75399899482727,-99,-36,97.8523602296219
15.791861057281494,-90,335,102.00862309858556
15.829730033874512,-70,555,91.16422525794489
15.868260860443115,-44,681,73.35592880614958
15.906491994857788,-16,751,49.455249871201104
15.943647861480713,12,800,24.607648816274256
15.987897872924805,48,811,-9.832171920771264
16.0257511138916,78,730,-37.741920686267136
16.06344223022461,98,493,-62.76364534704714
16.101430416107178,105,244,-79.72219330638397
16.138514041900635,97,-276,-82.70350937229466
16.176584482192993,79,-514,-70.73818335101994
16.213597774505615,56,-661,-49.84245948864236
16.251922845840454,29,-733,-23.93522935714365
16.288657903671265,0,-771,6.961287589400719
16.327183961868286,-29,-728,36.72567480067302
16.37183713912964,-54,-488,66.50382512005919
16.41011118888855,-60,-239,91.60101010566808
16.446819067001343,-53,287,97.29273098279917
16.48517370223999,-35,520,88.88294856733299
16.523457050323486,-11,666,71.44305176549045
16.561137437820435,17,745,48.961394586128094
16.59822130203247,46,781,21.40192704833877
16.63513731956482,77,807,-6.230793475957256
16.67338538169861,106,779,-33.94065046906911
16.7113516330719,130,576,-62.68139167081678
16.748811721801758,141,196,-84.48785008276084
16.794173002243042,133,-263,-90.15402217146053
16.83320689201355,114,-534,-79.13805315617435
16.870825052261353,90,-668,-58.13896978064151
16.90845513343811,62,-740,-33.25696589991353
16.946200370788574,33,-788,-4.458006332987836
16.98343324661255,4,-798,25.25950818508379
17.021496057510376,-23,-665,55.919053043020234
17.058125019073486,-39,-344,82.50199678014152
17.0952045917511,-39,89,95.98842707709798
17.13344097137451,-27,396,94.40148899779257
17.17879319190979,-1,615,80.74439716667351
17.216755867004395,26,716,54.04306395406856
17.25342845916748,53,773,27.204174866897063
17.29143786430359,83,802,-0.7144581780631114
17.330559253692627,115,775,-30.71448893852741
17.369516611099243,140,595,-62.803180468273
17.407213926315308,152,194,-86.9785358634687
17.445664167404175,147,-117,-95.21598157121875
17.48328399658203,131,-491,-89.55737402174287
17.520310640335083,108,-633,-71.97266439427375
17.56412410736084,76,-734,-48.46813681742482
17.603353023529053,48,-789,-16.155121706655798
17.641498804092407,17,-811,11.187558168256878
17.679625749588013,-13,-753,41.439763020749695
17.71634316444397,-36,-532,69.61749838892247
17.75434899330139,-44,-196,89.72708837704633
17.792643547058105,-38,241,94.77026412157028
17.83192753791809,-21,501,85.69932691341481
17.86874270439148,3,650,64.56057549967966
17.906788110733032,30,737,39.36497531966639
17.94399333000183,60,791,11.177758827751653
17.989659309387207,95,797,-19.142968314397827
18.028433322906494,124,672,-57.84594415291059
18.0651912689209,139,343,-85.2786658749061
18.102288722991943,139,0,-99.78776756734518
18.14007544517517,126,-386,-99.32586703034383
18.176831483840942,106,-589,-85.95511795284749
18.21466588973999,81,-694,-67.5940068446199
18.252216339111328,52,-762,-42.297227931627205
18.290045738220215,22,-797,-16.0769340053735
18.327386617660522,-7,-809,13.097101060199101
18.372733116149902,-41,-680,41.25233544536501
18.411573886871338,-60,-445,70.95789800459987
18.4492666721344,-65,0,85.9734979538006
18.48684549331665,-54,337,86.01761764348433
18.523503303527832,-36,558,72.03442798656872
18.561394453048706,-11,685,49.9974071643275
18.598809242248535,17,751,22.94244400124699
18.636395931243896,46,778,-7.117358779919337
18.673418045043945,74,741,-39.23516289847092
18.711480855941772,96,528,-68.31379377347167
18.74935507774353,104,179,-90.47912349655108
18.79433560371399,93,-349,-97.9159396144407
18.832146883010864,73,-561,-87.17937357060691
18.869683504104614,49,-682,-68.36555942680795
18.908280849456787,20,-749,-45.57840999904358
18.946505546569824,-10,-793,-18.675588496740815
18.98357629776001,-39,-809,9.133071075981508
19.021406650543213,-69,-750,35.98848749185744
19.05874991416931,-92,-534,62.85167868967753
19.095666885375977,-100,-236,81.76806083667904
19.133249282836914,-95,135,85.67045511384343
19.178651094436646,-74,521,76.62024104208072
19.21638774871826,-50,655,52.162432150657885
19.253461122512817,-24,739,26.15582818781701
19.29012680053711,5,776,-3.859096031050459
19.332708597183228,38,747,-34.77388855345258
19.388550996780396,69,422,-68.94694345435515
19.44961428642273,68,-161,-101.97612471683428
19.516270637512207,31,-640,-96.9199237567875
19.64739727973938,-63,-814,-49.88930591934273
19.717334985733032,-119,-732,39.176562874350815
19.754131317138672,-140,-465,79.09402896746101
19.791935920715332,-145,-232,96.72985769508034
19.82988166809082,-138,241,98.43803465076805
19.86812424659729,-118,529,86.2000927402733
19.90665316581726,-94,671,67.05679558348163
19.94386625289917,-67,740,39.946711615558755
19.988121509552002,-32,790,10.923163727158226
20.026469230651855,-2,797,-25.184714141732478
