0 0 0
0.007837057113647461 0 0
0.013775348663330078 0 0
0.021124601364135742 0 0
0.027848005294799805 1 2
0.03384208679199219 1 16
0.04059600830078125 2 41
0.04784107208251953 3 88
0.055109500885009766 4 31
0.061858177185058594 4 61
0.06862425804138184 5 117
0.0755772590637207 6 120
0.08186936378479004 7 122
0.08861064910888672 8 119
0.09474945068359375 8 115
0.10173988342285156 9 109
0.10962176322937012 9 92
0.11661911010742188 10 83
0.12266826629638672 10 68
0.1296672821044922 10 68
0.13674092292785645 10 68
0.14273643493652344 10 68
0.14977216720581055 10 20
0.15769004821777344 10 20
0.16370749473571777 9 -18
0.17049264907836914 9 -40
0.1778090000152588 8 -68
0.18377900123596191 7 -40
0.19056916236877441 6 -59
0.19783282279968262 5 -105
0.20511221885681152 4 -125
0.21183276176452637 3 -141
0.21860504150390625 2 -156
0.22502636909484863 1 -162
0.23177576065063477 0 -169
0.2385873794555664 -1 -170
0.24508357048034668 -3 -173
0.2518157958984375 -4 -170
0.2597694396972656 -5 -169
0.27077317237854004 -7 -154
0.2796816825866699 -8 -150
0.28701114654541016 -9 -140
0.29300618171691895 -9 -124
0.30001378059387207 -10 -124
0.30812525749206543 -10 -94
0.31441783905029297 -11 -76
0.3213181495666504 -11 -76
0.32814693450927734 -11 -76
0.334338903427124 -11 -76
0.341233491897583 -11 -19
0.3480093479156494 -10 -19
0.3538789749145508 -10 0
0.36193132400512695 -9 18
0.36899709701538086 -8 74
0.3760395050048828 -8 94
0.3819715976715088 -7 92
0.3887474536895752 -6 111
0.3951761722564697 -5 130
0.4018580913543701 -4 142
0.4098081588745117 -2 156
0.41674160957336426 -1 164
0.4227306842803955 0 173
0.42967891693115234 1 174
0.4370255470275879 2 173
0.4430215358734131 4 164
0.4572772979736328 5 152
0.46404385566711426 6 143
0.4707317352294922 7 133
0.4778292179107666 8 128
0.4838428497314453 8 119
0.490675687789917 9 92
0.4980456829071045 9 92
0.5040392875671387 9 70
0.5119423866271973 9 70
0.5187320709228516 9 24
0.525153398513794 9 24
0.5318384170532227 8 0
0.5385594367980957 8 -21
0.5447702407836914 7 -46
0.5517444610595703 7 -65
0.5586321353912354 6 -99
0.5670437812805176 5 -103
0.5730061531066895 4 -114
0.5797920227050781 3 -133
0.5866942405700684 2 -150
0.5927133560180664 1 -158
0.5996787548065186 -1 -167
0.6066267490386963 -2 -170
0.6137735843658447 -3 -172
0.6211023330688477 -4 -170
0.628065824508667 -5 -167
0.6340594291687012 -6 -162
0.6407632827758789 -7 -158
0.6478605270385742 -8 -150
0.6538727283477783 -9 -137
0.6617233753204346 -10 -127
0.674572229385376 -11 -90
0.6815721988677979 -11 -75
0.6885237693786621 -11 -75
0.6955862045288086 -11 -75
0.7019436359405518 -11 -75
0.7087383270263672 -11 -20
0.716728687286377 -11 0
0.7226934432983398 -10 0
0.7296469211578369 -10 19
0.7367231845855713 -9 77
0.7427351474761963 -8 42
0.7497169971466064 -7 60
0.7566261291503906 -6 107
0.763657808303833 -5 134
0.7705302238464355 -4 147
0.7776603698730469 -3 157
0.7837154865264893 -2 169
0.790518045425415 -1 170
0.7985072135925293 1 171
0.8047704696655273 2 170
0.8117575645446777 3 165
0.8195922374725342 4 163
0.8266496658325195 5 158
0.8326857089996338 6 145
0.8396611213684082 7 140
0.8465793132781982 7 127
0.8526208400726318 8 95
0.8597583770751953 8 95
0.8677101135253906 9 74
0.8736944198608398 9 74
0.8805158138275146 9 74
0.8876509666442871 9 74
0.8936829566955566 9 18
0.9005072116851807 8 18
0.9075932502746582 8 0
0.9135873317718506 7 -17
0.9217338562011719 6 -77
0.9285101890563965 6 -94
0.9347085952758789 5 -57
0.941673994064331 4 -109
0.9484655857086182 3 -130
0.9550926685333252 2 -142
0.9617972373962402 1 -153
0.9695901870727539 -1 -162
0.9767239093780518 -2 -168
0.9827659130096436 -3 -170
0.989757776260376 -4 -171
0.9967207908630371 -5 -169
1.002734661102295 -6 -164
1.0097074508666992 -7 -155
1.0166537761688232 -8 -148
1.0235819816589355 -9 -136
1.0302681922912598 -10 -127
1.0376436710357666 -10 -118
1.0437140464782715 -11 -86
1.0505192279815674 -11 -86
1.0576667785644531 -11 -67
1.0637099742889404 -11 -23
1.0791079998016357 -11 -23
1.0863499641418457 -10 0
1.0922343730926514 -10 20
1.0996019840240479 -9 45
1.1066546440124512 -9 81
1.1126515865325928 -8 98
1.120466709136963 -7 82
1.127605676651001 -6 114
1.1336238384246826 -5 129
1.1403346061706543 -4 145
1.1475234031677246 -3 155
1.1535401344299316 -2 166
1.1605119705200195 -1 167
1.1676526069641113 1 169
1.174994945526123 2 166
1.1817278861999512 3 165
1.1885128021240234 4 166
1.194714069366455 5 155
1.201612949371338 6 152
1.2083806991577148 7 144
1.214996337890625 7 132
1.2226343154907227 8 92
1.2296416759490967 8 92
1.2365906238555908 9 78
1.2426090240478516 9 78
1.2496333122253418 9 78
1.2565758228302002 9 78
1.2626116275787354 9 78
1.2696006298065186 8 18
1.2777342796325684 8 0
1.2837131023406982 7 -36
1.2905056476593018 7 -79
1.2976384162902832 6 -94
1.3036119937896729 5 -55
1.3104472160339355 4 -110
1.3175334930419922 3 -130
1.3245940208435059 2 -143
1.331566572189331 0 -156
1.3385162353515625 0 -163
1.345125675201416 -2 -166
1.3518412113189697 -3 -169
1.3586175441741943 -4 -169
1.365081787109375 -5 -168
1.3718342781066895 -6 -165
1.379676342010498 -7 -157
1.3866238594055176 -8 -148
1.3926525115966797 -9 -135
1.3998329639434814 -10 -128
1.406766414642334 -10 -120
1.4127607345581055 -10 -90
1.419745683670044 -11 -90
1.427696704864502 -11 -74
1.4337756633758545 -11 -74
1.44059419631958 -11 -74
1.447697639465332 -11 -22
1.453742504119873 -10 0
1.4607298374176025 -10 20
1.4678263664245605 -9 69
1.48152494430542 -8 43
1.4884774684906006 -7 88
1.4950666427612305 -6 117
1.5017995834350586 -5 133
1.5090022087097168 -4 145
1.5160632133483887 -3 156
1.5219948291778564 -2 164
1.5297126770019531 0 168
1.5366449356079102 1 169
1.5426559448242188 2 171
1.5496416091918945 3 170
1.5565698146820068 4 166
1.5626184940338135 5 160
1.5696053504943848 6 157
1.5777065753936768 7 145
1.5837626457214355 8 130
1.590595006942749 8 95
1.59771728515625 8 95
1.6037311553955078 9 82
1.6107354164123535 9 65
1.6178226470947266 9 65
1.6238257884979248 9 24
1.6318209171295166 9 24
1.6390366554260254 8 0
1.6474602222442627 8 -47
1.658132791519165 7 -62
1.6642735004425049 6 -99
1.6707749366760254 5 -66
1.67860746383667 4 -113
1.685086965560913 3 -124
1.6918072700500488 2 -143
1.6990125179290771 1 -153
1.7051587104797363 0 -160
1.7118496894836426 -1 -163
1.7186429500579834 -2 -170
1.7251358032226562 -4 -170
1.7327220439910889 -5 -170
1.7399070262908936 -6 -168
1.7470836639404297 -7 -158
1.7531428337097168 -8 -150
1.7600269317626953 -9 -142
1.7673063278198242 -9 -131
1.7733345031738281 -10 -98
1.7814161777496338 -10 -98
1.78818941116333 -11 -82
1.7944014072418213 -11 -65
1.801983118057251 -11 -65
1.8090155124664307 -11 -25
1.8160715103149414 -11 -25
1.8220109939575195 -10 0
1.8289928436279297 -10 21
1.836733341217041 -9 48
1.8427557945251465 -9 64
1.8497076034545898 -8 45
1.8566246032714844 -7 83
1.86265230178833 -6 100
1.8698036670684814 -5 138
1.8838951587677002 -3 161
1.8912274837493896 -2 162
1.8982388973236084 0 171
1.904510736465454 1 174
1.911417007446289 2 178
1.9181404113769531 3 174
1.9240920543670654 4 170
1.9310686588287354 5 158
1.9391300678253174 6 152
1.9456274509429932 7 145
1.9519240856170654 8 138
1.958738088607788 8 121
1.9651684761047363 9 94
1.9718620777130127 9 83
1.9786183834075928 9 83
1.9865937232971191 9 83
1.992649793624878 9 83
2.001483678817749 9 19
2.008256435394287 9 19
2.0143797397613525 8 0
2.0212204456329346 8 -18
2.027979612350464 7 -78
2.035141944885254 6 -41
2.041795492172241 5 -56
2.048576831817627 4 -120
2.055177688598633 3 -130
2.0618526935577393 2 -143
2.0686213970184326 1 -156
2.0750298500061035 0 -164
2.081810712814331 -1 -168
2.0895822048187256 -3 -172
2.0965287685394287 -4 -174
2.102605104446411 -5 -172
2.10962176322937 -6 -168
2.116711378097534 -7 -158
2.1227054595947266 -8 -150
2.1298270225524902 -9 -144
2.1376733779907227 -10 -130
2.1437602043151855 -10 -122
2.15058970451355 -10 -89
2.157686948776245 -11 -89
2.1637542247772217 -11 -70
2.170576572418213 -11 -70
2.177835464477539 -11 -70
2.1838486194610596 -11 -21
2.1918349266052246 -11 -21
2.1985981464385986 -10 0
2.205047369003296 -10 19
2.211782217025757 -9 70
2.2185239791870117 -8 86
2.2247097492218018 -7 62
2.2316794395446777 -6 103
2.246488571166992 -4 145
2.25256609916687 -3 158
2.259718894958496 -2 165
2.266700506210327 -1 171
2.279355049133301 1 173
2.2920548915863037 4 170
2.3075664043426514 6 151
2.320589303970337 8 133
2.3361544609069824 9 122
2.3484745025634766 10 81
2.365034580230713 10 81
2.378190040588379 10 81
2.393389940261841 9 0
2.4066014289855957 8 -80
2.419184446334839 7 -38
2.426088571548462 6 -98
2.4319941997528076 5 -131
2.4391167163848877 4 -136
2.445650100708008 3 -149
2.4519548416137695 2 -159
2.4646177291870117 -1 -166
2.4786183834075928 -3 -163
2.4885964393615723 -4 -158
2.4962220191955566 -5 -148
2.5021352767944336 -6 -145
2.5091919898986816 -7 -135
2.516305446624756 -7 -121
2.5233781337738037 -8 -87
2.530073881149292 -8 -87
2.5374674797058105 -8 -87
2.543506622314453 -9 -59
2.5501935482025146 -8 -27
2.5574123859405518 -8 -27
2.56343936920166 -8 0
2.571345090866089 -7 21
2.5781197547912598 -7 55
2.5842840671539307 -6 87
2.5910675525665283 -5 45
2.5981011390686035 -4 81
2.6040661334991455 -4 115
2.61073637008667 -3 132
2.6178295612335205 -1 144
2.6250905990600586 0 153
2.6318020820617676 1 161
2.6385769844055176 2 172
2.64518404006958 3 172
2.6518380641937256 4 176
2.6590356826782227 6 170
2.665170907974243 7 163
2.6759278774261475 8 153
2.6863627433776855 9 137
2.6922974586486816 10 125
2.6995840072631836 11 99
2.7066473960876465 11 90
2.7127013206481934 11 90
2.720738410949707 12 72
2.727863311767578 12 72
2.7338736057281494 12 72
2.7406840324401855 11 21
2.7478320598602295 11 21
2.753842830657959 11 -19
2.760716676712036 10 -42
2.7678263187408447 9 -73
2.776047945022583 8 -42
2.781968116760254 8 -91
2.789036989212036 7 -116
2.7951719760894775 6 -134
2.8026394844055176 4 -149
2.809633255004883 3 -158
2.8165857791900635 2 -166
2.823636531829834 1 -168
2.830481767654419 0 -173
2.8377583026885986 -2 -173
2.843810796737671 -3 -170
2.850713014602661 -3 -163
2.8578362464904785 -5 -156
2.8638360500335693 -5 -148
2.870659589767456 -6 -144
2.8786351680755615 -7 -128
2.885063409805298 -8 -118
2.8917911052703857 -8 -88
2.8987269401550293 -8 -88
2.9060285091400146 -9 -65
2.912013292312622 -9 -65
2.9190497398376465 -8 -25
2.926734447479248 -8 -25
2.932736396789551 -8 0
2.939715623855591 -7 20
2.9466300010681152 -7 49
2.952678680419922 -6 62
2.9597816467285156 -5 44
2.9666948318481445 -4 81
2.97273325920105 -3 116
2.980546712875366 -2 132
2.987659454345703 -1 143
2.9936983585357666 0 156
3.0005481243133545 1 165
3.0076355934143066 2 169
3.0136587619781494 3 170
3.020615816116333 4 177
3.0285935401916504 6 171
3.0355777740478516 7 164
3.041881561279297 8 165
3.04862642288208 9 152
3.0550496578216553 10 140
3.0617971420288086 10 135
3.0685951709747314 11 125
3.082275629043579 12 78
3.0895888805389404 12 78
3.0966882705688477 12 78
3.1027019023895264 12 78
3.109837293624878 12 78
3.1167657375335693 11 18
3.122776985168457 11 0
3.1303048133850098 10 -18
3.1376824378967285 10 -38
3.143698215484619 9 -40
3.1505110263824463 8 -57
3.1576104164123535 7 -110
3.163644313812256 6 -129
3.170607328414917 5 -144
3.1786704063415527 4 -157
3.1850852966308594 2 -164
3.1917953491210938 1 -167
3.1987342834472656 0 -172
3.205150604248047 -1 -171
3.2118778228759766 -2 -171
3.2187440395355225 -3 -168
3.225189685821533 -4 -158
3.2327685356140137 -5 -152
3.239704132080078 -6 -140
3.2466297149658203 -7 -130
3.252692461013794 -7 -121
3.259807825088501 -8 -96
3.2667243480682373 -8 -80
3.2727549076080322 -8 -80
3.2805233001708984 -8 -80
3.287647247314453 -8 -80
3.2936878204345703 -8 -80
3.3007397651672363 -8 -18
3.307839870452881 -7 0
3.313802719116211 -7 17
3.3207528591156006 -6 36
3.3278589248657227 -5 96
3.3351221084594727 -4 56
3.34179949760437 -4 98
3.3485538959503174 -3 129
3.354776382446289 -1 144
3.361792802810669 0 153
3.3685784339904785 1 159
3.3751461505889893 2 165
3.382699728012085 3 169
3.389683246612549 4 172
3.3965940475463867 5 171
3.40264892578125 6 168
3.4096128940582275 8 163
3.416501760482788 8 154
3.4225423336029053 9 143
3.42968487739563 10 131
3.438004493713379 11 120
3.4439353942871094 11 95
3.450773000717163 11 80
3.4578354358673096 12 80
3.4638261795043945 12 80
3.4706294536590576 12 80
3.4845759868621826 11 20
3.4915611743927 11 0
3.4985830783843994 10 -19
3.505530595779419 10 -39
3.5118608474731445 9 -88
3.5185959339141846 8 -58
3.5247535705566406 7 -92
3.5325140953063965 6 -126
3.539534330368042 5 -141
3.546459436416626 4 -151
3.552443265914917 3 -164
3.559586763381958 1 -168
3.5665555000305176 0 -170
3.5725977420806885 -1 -169
3.5796279907226562 -2 -167
3.5876047611236572 -3 -165
3.5936617851257324 -4 -161
3.6005821228027344 -5 -154
3.6076788902282715 -6 -147
3.6137466430664062 -6 -131
3.620732069015503 -7 -122
3.6278278827667236 -8 -95
3.6351284980773926 -8 -80
3.6418395042419434 -8 -80
3.648607015609741 -8 -80
3.6550843715667725 -8 -80
3.6618127822875977 -8 -80
3.6686086654663086 -8 -18
3.6755802631378174 -7 0
3.6818699836730957 -7 17
3.689887523651123 -6 37
3.697004556655884 -6 96
3.7027344703674316 -5 39
3.7096805572509766 -4 98
3.7166261672973633 -3 121
3.7226755619049072 -2 136
3.7296411991119385 -1 149
3.737743377685547 1 162
3.7437233924865723 2 168
3.750525951385498 3 170
3.7576138973236084 4 173
3.7636208534240723 5 172
3.7704474925994873 6 170
3.7775886058807373 7 163
3.7836170196533203 8 151
3.791609525680542 9 148
3.7994909286499023 10 129
3.806439161300659 11 120
3.8124942779541016 11 95
3.8197033405303955 12 80
3.8266444206237793 12 80
3.8327038288116455 12 80
3.8404879570007324 12 80
3.847634792327881 12 80
3.853651285171509 11 19
3.8606209754943848 11 0
3.8677620887756348 10 -18
3.8737919330596924 9 -92
3.8885257244110107 8 -58
3.895177125930786 7 -109
3.9018404483795166 6 -129
3.9090452194213867 5 -142
3.9161734580993652 4 -153
3.9221062660217285 3 -165
3.9291837215423584 2 -170
3.936063289642334 0 -174
3.9430904388427734 -1 -174
3.9499778747558594 -2 -171
3.9572267532348633 -3 -166
3.9632928371429443 -4 -157
3.9700396060943604 -5 -154
3.9773807525634766 -6 -141
3.9834485054016113 -7 -133
3.9914650917053223 -7 -125
3.9982283115386963 -8 -89
4.0045249462127686 -8 -89
4.011465311050415 -8 -89
4.018269062042236 -9 -64
4.024417161941528 -9 -26
4.031366586685181 -8 -26
4.038385391235352 -8 0
4.0463480949401855 -8 20
4.052248239517212 -7 50
4.059273719787598 -6 59
4.066170930862427 -6 85
4.072105407714844 -5 68
4.079365491867065 -4 102
4.0862226486206055 -3 132
4.093262195587158 -2 144
4.100094556808472 -1 154
4.107281684875488 0 159
4.113266944885254 1 165
4.1199610233306885 3 174
4.1271445751190186 4 174
4.133133172988892 5 174
4.139882564544678 6 165
4.147809028625488 7 167
4.15383768081665 8 153
4.160776853561401 9 145
4.1679651737213135 10 142
4.173895835876465 10 123
4.180725336074829 11 97
4.187835931777954 12 81
4.195573806762695 12 81
4.201960802078247 12 81
4.209280490875244 12 81
4.216354846954346 12 81
4.2222723960876465 11 19
4.229364633560181 11 0
4.2362260818481445 10 -18
4.244323492050171 10 -78
4.251115560531616 9 -92
4.2579710483551025 8 -57
4.263849258422852 7 -108
4.270623207092285 6 -129
4.282602787017822 4 -153
4.290548086166382 3 -167
4.299008369445801 1 -172
4.30603551864624 0 -173
4.311994314193726 -1 -173
4.3190460205078125 -2 -174
4.325589179992676 -3 -172
4.331934213638306 -4 -164
4.339192152023315 -5 -156
4.347106456756592 -6 -145
4.3531272411346436 -7 -133
4.359869480133057 -7 -125
4.366767406463623 -8 -90
4.372772455215454 -8 -90
4.3797266483306885 -9 -71
4.386656284332275 -9 -71
4.3926682472229 -9 -71
4.40056037902832 -8 -23
4.407705545425415 -8 -23
4.4137513637542725 -8 0
4.420543670654297 -7 19
4.427677154541016 -7 44
4.433727502822876 -6 88
4.440486669540405 -5 64
4.448420763015747 -4 104
4.454998731613159 -3 125
4.461754083633423 -2 140
4.468997478485107 -1 152
4.475144624710083 0 159
4.4818034172058105 1 165
4.488585710525513 2 167
4.495026111602783 4 173
4.502607107162476 5 171
4.509603977203369 6 169
4.516648530960083 7 165
4.5226593017578125 8 159
4.529637575149536 9 155
4.536601305007935 10 137
4.542676210403442 10 130
4.550572395324707 11 94
4.5577685832977295 11 94
4.5637876987457275 12 83
4.570630788803101 12 83
4.578023672103882 12 83
4.583919525146484 12 83
4.590738534927368 11 20
4.59808087348938 11 0
4.611658096313477 10 -39
4.618485450744629 9 -90
4.624658823013306 8 -41
4.631591796875 7 -94
4.6385180950164795 7 -116
4.644747734069824 5 -133
4.652601003646851 4 -154
4.65958571434021 3 -159
4.666488409042358 2 -166
4.6725568771362305 1 -169
4.6862287521362305 -1 -169
4.692175626754761 -2 -166
4.699536561965942 -4 -162
4.707674264907837 -5 -158
4.71369743347168 -6 -149
4.7204859256744385 -6 -137
4.7277984619140625 -7 -129
4.7338714599609375 -8 -118
4.740694761276245 -8 -89
4.747790098190308 -8 -89
4.7556188106536865 -9 -67
4.76197075843811 -9 -67
4.768998384475708 -8 -24
4.77515983581543 -8 -24
4.781834602355957 -8 0
4.788558721542358 -7 20
4.795087814331055 -7 64
4.803586483001709 -6 89
4.810285806655884 -5 66
4.817602634429932 -4 83
4.823627710342407 -3 124
4.830461740493774 -2 138
4.837616920471191 -1 150
4.843639373779297 0 158
4.85050630569458 1 164
4.858656167984009 2 167
4.865104913711548 4 169
4.87181282043457 5 175
4.879012584686279 6 172
4.885189771652222 7 167
4.891835689544678 8 164
4.89858865737915 9 151
4.906569719314575 10 133
4.91266393661499 10 125
4.919677257537842 11 116
4.926630258560181 11 90
4.932687759399414 11 71
4.9398274421691895 12 71
4.9470133781433105 12 71
4.953029632568359 12 22
4.9605183601379395 11 22
4.967651844024658 11 0
4.973676919937134 10 -20
4.98053240776062 10 -45
4.987817764282227 9 -86
4.993802070617676 8 -64
