0 0 0
0.005732297897338867 0 0
0.012564420700073242 0 0
0.020751476287841797 1 2
0.02656841278076172 1 6
0.03385353088378906 2 14
0.040700674057006836 2 34
0.046558380126953125 3 18
0.05330991744995117 4 29
0.06038045883178711 5 100
0.06737661361694336 6 118
0.07430720329284668 7 128
0.08104467391967773 8 133
0.08741950988769531 8 135
0.09440255165100098 9 134
0.10121369361877441 10 130
0.1074528694152832 11 127
0.1144411563873291 11 116
0.1222238540649414 12 95
0.12911725044250488 12 84
0.13503623008728027 13 84
0.14208054542541504 13 72
0.14913654327392578 13 72
0.15515851974487305 13 48
0.16214323043823242 14 48
0.17004680633544922 13 23
0.17606472969055176 13 23
0.1827833652496338 13 0
0.18999719619750977 12 -19
0.1959681510925293 12 -51
0.20268726348876953 11 -53
0.21003484725952148 11 -92
0.2160348892211914 10 -73
0.2240433692932129 9 -94
0.2307436466217041 8 -117
0.2365880012512207 7 -139
0.24342894554138184 6 -145
0.25055694580078125 4 -160
0.2565298080444336 4 -165
0.26334118843078613 2 -173
0.27146244049072266 1 -177
0.27875614166259766 -1 -186
0.28472447395324707 -2 -186
0.29779553413391113 -4 -180
0.3045172691345215 -5 -180
0.3117341995239258 -6 -175
0.31875109672546387 -8 -169
0.3258366584777832 -8 -161
0.3327059745788574 -10 -151
0.34000229835510254 -10 -141
0.34597086906433105 -11 -134
0.35268497467041016 -12 -125
0.3634769916534424 -12 -99
0.3707611560821533 -13 -63
0.38729357719421387 -13 -63
0.4007880687713623 -13 -17
0.41492223739624023 -13 0
0.4301645755767822 -12 35
0.44324278831481934 -10 54
0.4597666263580322 -8 112
0.4727652072906494 -6 146
0.4853804111480713 -3 165
0.49781131744384766 -2 173
0.5045063495635986 -1 177
0.5114574432373047 0 180
0.517899751663208 2 184
0.5245485305786133 3 180
0.5313005447387695 4 172
0.5421748161315918 6 161
0.5548381805419922 8 148
0.5674359798431396 9 139
0.5747931003570557 10 124
0.5818758010864258 10 98
0.5888335704803467 11 98
0.5947721004486084 11 84
0.6026113033294678 12 71
0.6097660064697266 12 71
0.6157686710357666 12 71
0.6225132942199707 12 71
0.62984299659729 11 21
0.6358146667480469 11 0
0.6424930095672607 10 -19
0.65043044090271 10 -41
0.6564414501190186 9 -83
0.6632583141326904 8 -95
0.6705009937286377 7 -86
0.6764853000640869 6 -110
0.6832528114318848 6 -141
0.6988706588745117 3 -156
0.7048244476318359 2 -162
0.7120463848114014 1 -173
0.7190709114074707 -1 -180
0.7249822616577148 -2 -185
0.7320208549499512 -3 -185
0.7389249801635742 -4 -184
0.7448520660400391 -5 -179
0.75276780128479 -7 -178
0.7599503993988037 -8 -175
0.7659633159637451 -9 -169
0.7726917266845703 -10 -165
0.7800161838531494 -11 -156
0.7859945297241211 -12 -149
0.7927052974700928 -12 -134
0.8009281158447266 -13 -126
0.8072664737701416 -14 -117
0.8142049312591553 -14 -88
0.8209552764892578 -14 -88
0.8272724151611328 -15 -66
0.834212064743042 -15 -66
0.8410933017730713 -15 -66
0.8472926616668701 -14 -21
0.8549797534942627 -14 -21
0.8619959354400635 -14 0
0.8690524101257324 -13 41
0.8759829998016357 -13 63
0.8826689720153809 -12 84
0.8898200988769531 -11 60
0.8957939147949219 -10 81
0.9034018516540527 -9 121
0.9104971885681152 -8 137
0.9164834022521973 -7 155
0.9232902526855469 -6 159
0.9305670261383057 -4 169
0.9365589618682861 -3 170
0.9433658123016357 -2 178
0.9504690170288086 -1 181
0.9578039646148682 1 183
0.9645256996154785 2 183
0.9712967872619629 3 180
0.9774768352508545 4 178
0.9844129085540771 5 172
0.9913394451141357 6 166
0.9977383613586426 7 160
1.0053575038909912 8 148
1.0123155117034912 9 141
1.0192081928253174 10 136
1.0252330303192139 10 124
1.0322511196136475 11 98
1.0391299724578857 11 84
1.0450596809387207 11 68
1.0523357391357422 12 68
1.0605111122131348 12 68
1.066518783569336 12 68
1.0733115673065186 11 21
1.0804827213287354 11 0
1.0864555835723877 10 -19
1.100245714187622 9 -64
1.1077990531921387 8 -94
1.1144952774047852 8 -59
1.121417760848999 7 -97
1.1278102397918701 6 -118
1.1344654560089111 5 -134
1.141247272491455 4 -145
1.1474380493164062 3 -154
1.1552112102508545 2 -164
1.1622071266174316 0 -170
1.169301986694336 -1 -179
1.175351619720459 -2 -181
1.182347059249878 -4 -184
1.1894214153289795 -5 -182
1.1954095363616943 -6 -183
1.2024128437042236 -7 -178
1.2103748321533203 -8 -174
1.2163846492767334 -9 -163
1.223212480545044 -10 -158
1.2305285930633545 -11 -150
1.2365195751190186 -12 -142
1.2432901859283447 -13 -133
1.250394582748413 -13 -122
1.2574841976165771 -14 -93
1.2644321918487549 -14 -84
1.2712278366088867 -14 -84
1.2774198055267334 -15 -61
1.284372329711914 -15 -61
1.2913436889648438 -15 -22
1.2977666854858398 -14 -22
1.3045170307159424 -14 0
1.3123183250427246 -14 0
1.31937837600708 -13 43
1.3253800868988037 -12 61
1.3323733806610107 -12 83
1.3392932415008545 -11 62
1.3453128337860107 -10 100
1.3524787425994873 -9 120
1.360368013381958 -8 135
1.366365671157837 -7 152
1.373218059539795 -6 163
1.3803648948669434 -4 168
1.3863816261291504 -3 176
1.3932251930236816 -2 179
1.4003691673278809 -1 178
1.4063689708709717 1 183
1.4145255088806152 2 179
1.4212925434112549 3 178
1.4274895191192627 4 175
1.4344193935394287 5 170
1.4411818981170654 6 166
1.4477369785308838 7 157
1.4544544219970703 8 149
1.4621095657348633 9 137
1.4691684246063232 10 132
1.475168228149414 10 120
1.4821388721466064 11 90
1.4933407306671143 11 73
1.50203537940979 11 73
1.5090970993041992 12 54
1.5161685943603516 11 24
1.5229623317718506 11 24
1.5303089618682861 11 0
1.5362682342529297 10 -21
1.5429275035858154 10 -52
1.5501031875610352 9 -58
1.5560839176177979 9 -91
1.5640416145324707 8 -69
1.5707600116729736 7 -95
1.5765831470489502 6 -117
1.583479404449463 5 -134
1.5907952785491943 4 -144
1.5966410636901855 3 -159
1.6033697128295898 2 -165
1.6104295253753662 0 -174
1.6177332401275635 -1 -178
1.6244807243347168 -2 -181
1.6312658786773682 -4 -183
1.6374731063842773 -5 -185
1.6444897651672363 -6 -179
1.6514146327972412 -7 -177
1.6578373908996582 -8 -173
1.6654176712036133 -9 -165
1.6723942756652832 -10 -161
1.6793262958526611 -11 -151
1.685364007949829 -12 -136
1.69232177734375 -13 -129
1.6992485523223877 -13 -116
1.7053351402282715 -14 -116
1.7125084400177002 -14 -90
1.7204351425170898 -15 -68
1.7264492511749268 -15 -68
1.7332427501678467 -15 -68
1.7403929233551025 -15 -68
1.7464230060577393 -14 -21
1.7532198429107666 -14 0
1.7602639198303223 -14 0
1.7674529552459717 -13 41
1.7744195461273193 -12 64
1.781205177307129 -12 98
1.787388563156128 -11 59
1.7942712306976318 -10 100
1.801027536392212 -9 121
1.8071403503417969 -8 136
1.8140075206756592 -7 153
1.8218300342559814 -6 160
1.828911542892456 -4 165
1.8348209857940674 -3 175
1.8420443534851074 -2 181
1.8489272594451904 -1 183
1.8548507690429688 0 183
1.861872673034668 2 180
1.8697938919067383 3 180
1.876399278640747 4 173
1.883208990097046 5 170
1.895355224609375 7 154
1.9041237831115723 8 151
1.9109842777252197 9 142
1.9190139770507812 10 125
1.9249167442321777 10 115
1.9321401119232178 11 89
1.9389851093292236 11 89
1.9449079036712646 12 71
1.9521093368530273 12 71
1.9589898586273193 12 71
1.9649171829223633 12 71
1.972832202911377 11 19
1.9800031185150146 11 0
1.9859755039215088 11 -18
1.9926848411560059 10 -39
2.001227617263794 9 -83
2.007810115814209 8 -95
2.0144660472869873 8 -57
2.0221457481384277 7 -110
2.0289673805236816 6 -130
2.0348598957061768 5 -141
2.041867256164551 4 -150
2.0483736991882324 2 -160
2.054645538330078 1 -164
2.0614168643951416 0 -175
2.068368911743164 -1 -180
2.075730085372925 -2 -184
2.0824801921844482 -4 -184
2.089380979537964 -5 -183
2.0954227447509766 -6 -182
2.102550983428955 -8 -179
2.109435796737671 -8 -174
2.115410089492798 -9 -165
2.1232900619506836 -11 -159
2.1305367946624756 -12 -149
2.13649582862854 -12 -141
2.143261432647705 -13 -124
2.1503655910491943 -14 -96
2.156385898590088 -14 -86
2.1632165908813477 -14 -86
2.170382499694824 -15 -70
2.177410364151001 -15 -70
2.1843652725219727 -15 -70
2.1912641525268555 -15 -21
2.1974592208862305 -14 -21
2.2044034004211426 -14 0
2.211122751235962 -14 18
2.2173354625701904 -13 40
2.2250404357910156 -12 65
2.232279062271118 -11 98
2.239159107208252 -11 83
2.2452166080474854 -10 112
2.25229549407959 -9 121
2.2591769695281982 -8 143
2.265160083770752 -7 154
2.2720770835876465 -5 166
2.2858119010925293 -3 172
2.299386739730835 0 181
2.30539608001709 1 185
2.3125553131103516 2 181
2.3198254108428955 3 181
2.326671838760376 5 177
2.3338441848754883 6 175
2.340562582015991 7 168
2.3465240001678467 8 161
2.3533079624176025 8 148
2.360551595687866 9 141
2.36651873588562 10 128
2.374566078186035 11 119
2.3813390731811523 11 96
2.3877756595611572 12 81
2.3945250511169434 12 81
2.4012606143951416 12 81
2.4077365398406982 12 81
2.4144818782806396 12 81
2.4212756156921387 11 18
2.429450035095215 11 0
2.435401439666748 11 -17
2.442382574081421 10 -35
2.449324369430542 9 -74
2.4553072452545166 9 -98
2.4622840881347656 8 -53
2.4691810607910156 7 -103
2.4760680198669434 6 -132
2.4827749729156494 5 -143
2.490081548690796 4 -151
2.496044397354126 3 -161
2.5027687549591064 1 -169
2.510026216506958 0 -175
2.515998601913452 -1 -183
2.5227127075195312 -2 -183
2.530749797821045 -4 -184
2.536675214767456 -5 -179
2.5434658527374268 -6 -180
2.550799608230591 -7 -178
2.556668758392334 -8 -171
2.563422679901123 -9 -168
2.5705788135528564 -11 -161
2.5778398513793945 -12 -149
2.584502935409546 -12 -141
2.59126877784729 -13 -132
2.597454786300659 -13 -123
2.60445237159729 -14 -97
2.61144757270813 -14 -87
2.618350028991699 -14 -87
2.6246652603149414 -15 -62
2.6324703693389893 -15 -62
2.6393563747406006 -14 -22
2.6453986167907715 -14 -22
2.6523663997650146 -14 0
2.6592230796813965 -14 18
2.665276527404785 -13 44
2.6723873615264893 -12 62
2.680253505706787 -11 97
2.686283826828003 -11 81
2.6994595527648926 -9 120
2.7067782878875732 -8 140
2.7139830589294434 -7 153
2.720923900604248 -5 160
2.7273213863372803 -4 172
2.734926700592041 -3 176
2.7419209480285645 -2 182
2.749020576477051 0 184
2.754903793334961 1 184
2.761890411376953 2 182
2.7687530517578125 3 181
2.774658679962158 4 174
2.7824747562408447 6 169
2.7897520065307617 7 163
2.7957825660705566 7 159
2.8024239540100098 8 154
2.809321641921997 9 135
2.815326690673828 10 130
2.8223214149475098 10 123
2.8292672634124756 11 96
2.8362996578216553 11 85
2.8429946899414062 12 68
2.8503451347351074 12 68
2.856384038925171 12 68
2.8632264137268066 12 22
2.8703713417053223 11 22
2.877506971359253 11 0
2.885232448577881 10 -19
2.8922431468963623 10 -42
2.8991353511810303 9 -79
2.905167818069458 8 -92
2.9122538566589355 7 -82
2.919078826904297 7 -108
2.9249322414398193 6 -128
2.931957244873047 4 -141
2.9398672580718994 3 -149
2.9458229541778564 2 -160
2.9525041580200195 1 -169
2.9593987464904785 0 -175
2.9654107093811035 -1 -181
2.9725747108459473 -3 -183
2.9794628620147705 -4 -184
2.9865171909332275 -5 -179
2.9933478832244873 -6 -180
3.0004806518554688 -8 -176
3.0064918994903564 -9 -170
3.013461112976074 -10 -167
3.0205864906311035 -11 -158
3.0266098976135254 -12 -149
3.034583806991577 -12 -144
3.041389226913452 -13 -125
3.0477943420410156 -14 -96
3.0545384883880615 -14 -82
3.06130313873291 -14 -82
3.0674893856048584 -15 -63
3.0744166374206543 -15 -63
3.0812222957611084 -15 -63
3.089440107345581 -14 -21
3.102050542831421 -14 0
3.1090810298919678 -13 18
3.1149516105651855 -13 42
3.1221840381622314 -12 61
3.1292266845703125 -12 96
3.1361889839172363 -11 79
3.143167734146118 -10 99
3.1503782272338867 -9 119
3.156367778778076 -8 140
3.163055658340454 -7 152
3.1703081130981445 -5 160
3.1763381958007812 -4 168
3.1830217838287354 -3 177
3.1910922527313232 -2 179
3.1972920894622803 0 185
3.2041831016540527 1 183
3.2111101150512695 2 183
3.217252492904663 3 179
3.224123239517212 4 178
3.230867862701416 5 170
3.2383036613464355 7 162
3.244605302810669 7 156
3.2513389587402344 8 149
3.257488489151001 9 140
3.264423131942749 10 132
3.271350383758545 10 118
3.277789354324341 11 86
3.2845349311828613 11 72
3.2923734188079834 11 72
3.299301862716675 12 58
3.3053438663482666 12 58
3.3123483657836914 11 25
3.3193135261535645 11 25
3.3253722190856934 11 0
3.332468271255493 10 -22
3.3403356075286865 10 -49
3.346370220184326 9 -76
3.3531620502471924 8 -90
3.3602194786071777 7 -75
3.3661952018737793 7 -106
3.3728885650634766 6 -126
3.380054235458374 5 -139
3.3860015869140625 4 -149
3.393860340118408 2 -157
3.400911569595337 1 -164
3.407027006149292 0 -174
3.4138455390930176 -1 -183
3.42059588432312 -3 -182
3.426607131958008 -4 -184
3.4334218502044678 -5 -182
3.441417932510376 -6 -180
3.4483935832977295 -8 -178
3.4547171592712402 -9 -173
3.4617369174957275 -10 -167
3.4683151245117188 -11 -159
3.474642515182495 -11 -155
3.4813990592956543 -12 -140
3.4878246784210205 -13 -123
3.4986252784729004 -14 -89
3.510000228881836 -14 -89
3.5159878730773926 -15 -68
3.522792339324951 -15 -68
3.530212163925171 -15 -68
3.536201000213623 -15 -20
3.5441818237304688 -14 -20
3.5509543418884277 -14 0
3.557082176208496 -14 17
3.5639543533325195 -13 40
3.5708816051483154 -12 67
3.5769965648651123 -12 99
3.5835018157958984 -11 58
3.5905935764312744 -10 102
3.59792160987854 -9 122
3.6045684814453125 -8 137
3.611314296722412 -7 153
3.6177501678466797 -5 161
3.624518871307373 -4 171
3.6317386627197266 -3 177
3.6379165649414062 -2 180
3.6454434394836426 0 186
3.6524150371551514 1 182
3.659468650817871 2 185
3.6654348373413086 3 181
3.672391414642334 4 173
3.6793320178985596 5 170
3.6853721141815186 6 162
3.6924824714660645 7 154
3.700409412384033 8 151
3.7063913345336914 9 139
3.713222026824951 10 133
3.7203238010406494 10 121
3.726329803466797 11 92
3.733055830001831 11 77
3.740269899368286 11 77
3.7477340698242188 12 62
3.754456043243408 12 62
3.7612464427948 12 22
3.7674367427825928 11 22
3.7743947505950928 11 0
3.781114339828491 10 -20
3.78745436668396 10 -44
3.794402599334717 9 -63
3.802363872528076 8 -92
3.8094065189361572 8 -82
3.81538724899292 7 -108
3.8223164081573486 6 -118
3.8292112350463867 5 -139
3.835177183151245 4 -148
3.8420653343200684 3 -160
3.8500001430511475 1 -168
3.855983018875122 0 -174
3.8626949787139893 -1 -180
3.870063066482544 -3 -184
3.8766510486602783 -4 -184
3.8834168910980225 -5 -181
3.890535354614258 -6 -178
3.9026904106140137 -8 -171
3.911215305328369 -10 -167
3.918328046798706 -11 -160
3.9246535301208496 -12 -151
3.93186616897583 -12 -146
3.938359022140503 -13 -130
3.9446990489959717 -14 -121
3.952411651611328 -14 -93
3.959312677383423 -14 -74
3.9653186798095703 -15 -74
3.9723119735717773 -15 -74
3.979217767715454 -15 -74
3.985229969024658 -15 -74
3.9923791885375977 -14 -19
4.0003039836883545 -14 0
4.006322860717773 -13 17
4.012984991073608 -13 38
4.020100116729736 -12 70
4.0260398387908936 -12 38
4.032762289047241 -11 88
4.039880752563477 -10 104
4.045814037322998 -9 123
4.0538649559021 -8 144
4.060584783554077 -6 156
4.0665810108184814 -5 162
4.073401212692261 -4 170
4.080466270446777 -3 173
4.0864832401275635 -2 182
4.09325909614563 -1 183
4.10040283203125 1 184
4.107800483703613 2 184
4.114475965499878 3 181
4.121219873428345 4 177
4.127445697784424 6 170
4.13435435295105 7 166
4.141071796417236 8 159
4.147196292877197 8 149
4.154867887496948 9 136
4.161898851394653 10 128
4.1689348220825195 11 98
4.174853324890137 11 83
4.182065963745117 11 83
4.188970327377319 12 66
4.194851636886597 12 66
4.201885223388672 12 66
4.209872007369995 12 66
4.215885400772095 11 19
4.222599506378174 11 0
4.229818105697632 11 -18
4.235790729522705 10 -40
4.242492914199829 9 -69
4.249386310577393 9 -96
4.2564191818237305 8 -88
4.263200521469116 7 -101
4.2702436447143555 6 -120
4.276223182678223 5 -141
4.284509658813477 4 -146
4.291433572769165 2 -161
4.302771329879761 0 -175
4.312159538269043 -1 -180
4.319170713424683 -3 -181
4.32515025138855 -4 -184
4.332317590713501 -5 -181
4.339235782623291 -6 -181
4.345261812210083 -7 -178
4.352386951446533 -9 -174
4.36038875579834 -10 -167
4.366469383239746 -11 -158
4.373315095901489 -11 -147
4.380415439605713 -12 -139
4.386391878128052 -13 -128
4.39321756362915 -14 -120
4.40031361579895 -14 -96
4.407469272613525 -14 -96
4.414436340332031 -15 -73
4.42119026184082 -15 -73
4.42736029624939 -15 -73
4.434306621551514 -15 -73
4.4412477016448975 -14 -20
4.44743013381958 -14 0
4.454337120056152 -13 17
4.462067604064941 -13 38
4.469101905822754 -12 67
4.474961280822754 -12 98
4.481996536254883 -11 86
4.4888482093811035 -10 103
4.4947662353515625 -9 131
4.501795291900635 -8 139
4.509462118148804 -6 153
4.51545524597168 -5 162
4.529187202453613 -3 176
4.535214424133301 -2 180
4.542163372039795 -1 186
4.549058437347412 1 185
4.554948091506958 2 184
4.562701463699341 3 182
4.570018291473389 4 178
4.575994968414307 5 170
4.582690477371216 7 167
4.590009689331055 8 159
4.595945596694946 8 146
4.6029767990112305 9 139
4.611011028289795 10 129
4.617180585861206 11 117
4.624085187911987 11 89
4.630868196487427 11 89
4.637011766433716 12 73
4.643855094909668 12 73
4.650882244110107 12 73
4.65700101852417 12 73
4.664771318435669 11 18
4.671777725219727 11 0
4.677879095077515 11 0
4.684523105621338 10 -17
4.691303253173828 10 -72
4.703166246414185 8 -55
4.7131688594818115 7 -112
4.720418930053711 6 -121
4.726366281509399 5 -141
4.733268976211548 4 -150
4.740329027175903 2 -159
4.746345043182373 1 -168
4.753038167953491 0 -175
4.7602174282073975 -1 -182
4.767342805862427 -3 -184
4.774255752563477 -4 -184
4.781063795089722 -5 -182
4.78726053237915 -6 -179
4.794143438339233 -7 -178
4.800910472869873 -8 -172
4.807055234909058 -9 -164
4.814804315567017 -10 -158
4.821865558624268 -11 -148
4.828947305679321 -12 -142
4.8348400592803955 -13 -134
4.84192156791687 -13 -123
4.848786354064941 -14 -91
4.854706525802612 -14 -80
4.861459732055664 -14 -80
4.869447946548462 -15 -62
4.876333475112915 -15 -62
4.883021116256714 -14 -22
4.890369415283203 -14 -22
4.8963727951049805 -14 0
4.903064966201782 -14 18
4.910195589065552 -13 42
4.917161226272583 -12 60
4.92402195930481 -12 96
4.9307520389556885 -11 60
4.936669588088989 -10 99
4.943431377410889 -9 120
4.950762987136841 -8 135
4.956619501113892 -7 153
4.963983535766602 -6 160
4.971475601196289 -4 167
4.977879524230957 -3 173
4.984535217285156 -2 178
4.9913010597229 -1 182
4.997477769851685 1 183
