0 0 0
0.0070934295654296875 0 0
0.013009309768676758 0 0
0.0198516845703125 0 3
0.027106046676635742 0 8
0.03305315971374512 1 20
0.04062461853027344 2 76
0.047821044921875 3 96
0.05377459526062012 3 92
0.060555219650268555 4 96
0.0676109790802002 5 119
0.07358694076538086 6 133
0.08040428161621094 7 137
0.08762288093566895 8 144
0.09464478492736816 9 141
0.10155844688415527 10 139
0.10828757286071777 11 134
0.11457252502441406 12 131
0.12148356437683105 12 127
0.1282505989074707 13 122
0.13443970680236816 14 117
0.1420133113861084 14 111
0.14922833442687988 15 89
0.1561424732208252 15 71
0.1620934009552002 15 71
0.16913485527038574 16 57
0.17629337310791016 16 57
0.18221592903137207 16 57
0.18925905227661133 15 20
0.1972789764404297 15 20
0.20326805114746094 15 0
0.21010184288024902 14 -19
0.21729326248168945 14 -42
0.22329401969909668 13 -74
0.23003911972045898 13 -87
0.23725295066833496 12 -98
0.24430537223815918 11 -90
0.25108814239501953 10 -110
0.2579317092895508 9 -125
0.2637910842895508 8 -139
0.2707221508026123 7 -148
0.27777838706970215 6 -158
0.28374767303466797 5 -167
0.2905428409576416 3 -176
0.29846620559692383 2 -183
0.30506229400634766 0 -188
0.3191554546356201 -2 -195
0.3263437747955322 -4 -194
0.3322560787200928 -5 -196
0.3394773006439209 -6 -189
0.34749722480773926 -8 -188
0.3535292148590088 -9 -186
0.36022496223449707 -10 -181
0.36734747886657715 -11 -175
0.3733327388763428 -12 -165
0.3800489902496338 -13 -154
0.38736844062805176 -14 -146
0.3943624496459961 -14 -132
0.40122389793395996 -15 -125
0.40805721282958984 -16 -116
0.4138941764831543 -16 -88
0.4206576347351074 -16 -88
0.4279322624206543 -17 -70
0.43383240699768066 -17 -70
0.4411928653717041 -17 -51
0.44914913177490234 -17 -22
0.4560356140136719 -17 -22
0.4619452953338623 -17 -22
0.46895766258239746 -16 0
0.4750964641571045 -16 19
0.48176002502441406 -15 45
0.4885387420654297 -15 52
0.4966087341308594 -14 90
0.5026748180389404 -13 62
0.5097894668579102 -12 91
0.5166583061218262 -12 114
0.5226445198059082 -11 130
0.5296080112457275 -9 144
0.536501407623291 -8 155
0.5425431728363037 -7 165
0.5501902103424072 -6 172
0.5573480129241943 -5 180
0.5633742809295654 -3 186
0.5702452659606934 -2 190
0.5773899555206299 -1 192
0.583390474319458 1 196
0.5900616645812988 2 192
0.598116397857666 3 189
0.6040475368499756 4 185
0.6107094287872314 5 184
0.6177730560302734 7 182
0.623772382736206 8 173
0.6306924819946289 9 167
0.6377670764923096 10 164
0.6437606811523438 11 150
0.6517558097839355 12 143
0.6585109233856201 12 129
0.6647131443023682 13 119
0.6716883182525635 14 91
0.6784763336181641 14 91
0.6851091384887695 14 77
0.6917951107025146 14 77
0.6997928619384766 15 55
0.706695556640625 15 55
0.7197592258453369 15 55
0.7270331382751465 14 17
0.7330505847930908 14 17
0.7399864196777344 14 0
0.7472457885742188 13 -37
0.7543296813964844 13 -62
0.7612166404724121 12 -82
0.7680017948150635 11 -96
0.7738800048828125 10 -98
0.7806460857391357 10 -109
0.7877678871154785 8 -126
0.7937650680541992 7 -144
0.8017702102661133 6 -155
0.8086936473846436 5 -162
0.8151059150695801 4 -169
0.8217697143554688 2 -177
0.8289735317230225 1 -185
0.8351261615753174 0 -188
0.841810941696167 -1 -188
0.8485813140869141 -3 -194
0.8566455841064453 -4 -191
0.8626832962036133 -5 -189
0.8698556423187256 -7 -184
0.8770279884338379 -8 -181
0.8830487728118896 -9 -174
0.88981032371521 -10 -168
0.8967115879058838 -11 -162
0.9037604331970215 -12 -154
0.9105885028839111 -13 -147
0.9177393913269043 -14 -131
0.9237301349639893 -14 -123
0.9317634105682373 -15 -98
0.9385476112365723 -15 -91
0.9447343349456787 -16 -81
0.9525752067565918 -16 -66
0.959744930267334 -16 -66
0.966632604598999 -16 -66
0.972667932510376 -16 -66
0.9796638488769531 -16 -20
0.9869747161865234 -16 -20
0.9927406311035156 -15 0
0.9996542930603027 -15 17
1.0076484680175781 -14 38
1.0136632919311523 -14 78
1.0204498767852783 -13 91
1.0275866985321045 -12 99
1.0336050987243652 -11 105
1.0404026508331299 -10 113
1.0476114749908447 -9 130
1.0546278953552246 -8 148
1.0615479946136475 -7 157
1.0682990550994873 -6 168
1.0744178295135498 -5 176
1.0813016891479492 -4 179
1.088188648223877 -2 187
1.0943148136138916 -1 188
1.1012022495269775 0 197
1.1132936477661133 3 193
1.121527910232544 5 190
1.1284561157226562 6 186
1.1350669860839844 7 188
1.1417529582977295 8 180
1.148630142211914 9 176
1.1564867496490479 10 164
1.1625571250915527 11 156
1.1697523593902588 12 152
1.1766729354858398 13 143
1.1826579570770264 14 137
1.1896276473999023 14 126
1.1965363025665283 15 95
1.2026166915893555 15 76
1.210435390472412 16 76
1.2177371978759766 16 76
1.2237398624420166 16 76
1.2307145595550537 16 76
1.2377853393554688 16 76
1.2437846660614014 16 76
1.2506093978881836 16 15
1.2585172653198242 15 0
1.2647347450256348 15 0
1.2716407775878906 14 -14
1.2784745693206787 13 -75
1.2851078510284424 13 -87
1.2917673587799072 12 -46
1.2985386848449707 11 -103
1.3047261238098145 10 -121
1.3125874996185303 9 -135
1.319533109664917 8 -147
1.3264050483703613 7 -159
1.3322997093200684 6 -167
1.3393778800964355 4 -172
1.34639310836792 3 -180
1.3524727821350098 2 -183
1.3602359294891357 0 -190
1.3673920631408691 -1 -194
1.3734054565429688 -2 -194
1.3802149295806885 -4 -198
1.3873875141143799 -5 -193
1.3934130668640137 -6 -186
1.4001481533050537 -7 -179
1.407463788986206 -8 -170
1.4145541191101074 -10 -171
1.4215443134307861 -11 -165
1.4284310340881348 -12 -153
1.4346530437469482 -13 -145
1.4416065216064453 -13 -134
1.4483420848846436 -14 -124
1.454582691192627 -14 -117
1.4625201225280762 -15 -90
1.4696934223175049 -15 -80
1.477025032043457 -15 -64
1.483016014099121 -16 -64
1.4897840023040771 -16 -64
1.4966614246368408 -16 -21
1.502655029296875 -15 -21
1.5096213817596436 -15 0
1.5233819484710693 -14 18
1.5304005146026611 -14 40
1.5379657745361328 -13 74
1.5438494682312012 -12 85
1.5510237216949463 -12 74
1.5577895641326904 -11 90
1.5650513172149658 -9 121
1.5717053413391113 -8 134
1.5784690380096436 -7 147
1.5850398540496826 -6 155
1.5917003154754639 -5 161
1.5984454154968262 -4 172
1.6050703525543213 -2 182
1.6117606163024902 -1 189
1.6196599006652832 0 190
1.6265337467193604 1 192
1.6325523853302002 2 192
1.6395602226257324 4 192
1.6466131210327148 5 192
1.6526148319244385 6 191
1.659559965133667 8 185
1.6675081253051758 9 180
1.673492193222046 10 174
1.680161476135254 11 167
1.6873161792755127 12 157
1.693312406539917 13 144
1.7000281810760498 14 137
1.7073414325714111 14 130
1.7132859230041504 15 114
1.721224308013916 15 91
1.728018045425415 16 91
1.7338776588439941 16 74
1.7410924434661865 16 74
1.7478268146514893 17 53
1.7538039684295654 17 25
1.7606515884399414 16 25
1.7686395645141602 16 25
1.775083065032959 16 0
1.7817091941833496 15 -19
1.7884984016418457 15 -48
1.7947063446044922 14 -50
1.8016777038574219 14 -72
1.8084478378295898 13 -99
1.814683198928833 12 -89
1.8224008083343506 11 -112
1.8295221328735352 10 -120
1.836418628692627 9 -139
1.8422694206237793 8 -148
1.8492846488952637 7 -158
1.856128215789795 6 -167
1.8620774745941162 5 -176
1.8700778484344482 3 -181
1.8772368431091309 2 -183
1.883211374282837 0 -188
1.8900315761566162 -1 -193
1.8971917629241943 -2 -195
1.9031755924224854 -3 -193
1.9099411964416504 -5 -187
1.9236292839050293 -7 -184
1.931689977645874 -8 -178
1.9386351108551025 -9 -170
1.9460232257843018 -11 -165
1.9519412517547607 -12 -158
1.9587116241455078 -12 -152
1.9651334285736084 -13 -137
1.9726290702819824 -14 -127
1.9795961380004883 -14 -117
1.9865248203277588 -15 -87
1.992574691772461 -15 -77
2.0013842582702637 -15 -63
2.008289098739624 -16 -63
2.0144448280334473 -16 -63
2.022185802459717 -15 -21
2.0292232036590576 -15 -21
2.03613018989563 -15 0
2.0419933795928955 -14 19
2.048711061477661 -14 41
2.055148124694824 -13 58
2.061785936355591 -13 76
2.0687098503112793 -12 58
2.076652765274048 -11 92
2.082692861557007 -10 102
2.0896008014678955 -9 121
2.0964975357055664 -8 140
2.102482795715332 -7 153
2.109483242034912 -6 161
2.116410255432129 -5 173
2.123427152633667 -3 176
2.1304054260253906 -2 184
2.137498617172241 -1 186
2.1435446739196777 1 196
2.1501896381378174 2 192
2.15730619430542 3 195
2.1632463932037354 4 193
2.1699647903442383 5 188
2.178001880645752 7 192
2.190723180770874 9 179
2.197796106338501 10 174
2.203801393508911 11 166
2.2105913162231445 12 162
2.2176828384399414 13 154
2.2249715328216553 14 142
2.231671094894409 15 133
2.2384629249572754 15 117
2.245069742202759 16 117
2.2517755031585693 16 88
2.2587060928344727 17 75
2.2651429176330566 17 75
2.271817922592163 17 75
2.279536724090576 17 75
2.2864458560943604 17 75
2.2924795150756836 16 17
2.2995035648345947 16 17
2.3066537380218506 16 0
2.3126220703125 15 -33
2.3275160789489746 14 -84
2.3335180282592773 13 -51
2.3404552936553955 12 -98
2.3477041721343994 11 -109
2.3537373542785645 10 -129
2.3605377674102783 9 -140
2.367753028869629 8 -154
2.373749256134033 7 -162
2.38171648979187 5 -171
2.388575315475464 4 -174
2.3949735164642334 3 -179
2.4017043113708496 2 -185
2.40842866897583 1 -190
2.419313669204712 -1 -193
2.431814432144165 -4 -193
2.445081949234009 -7 -185
2.4581120014190674 -9 -174
2.472419023513794 -11 -164
2.4880406856536865 -13 -136
2.5031869411468506 -15 -119
2.516447067260742 -16 -87
2.5310540199279785 -16 -68
2.5438618659973145 -17 -68
2.5526819229125977 -17 -68
2.5596542358398438 -16 -19
2.566551446914673 -16 -19
2.572558879852295 -16 0
2.579465627670288 -15 17
2.5900661945343018 -14 85
2.6063232421875 -12 101
2.6162326335906982 -11 118
2.6226704120635986 -10 132
2.6296157836914062 -9 145
2.6365346908569336 -8 157
2.6425533294677734 -7 166
2.650604486465454 -5 174
2.657712459564209 -4 180
2.663724660873413 -2 186
2.670682430267334 -1 189
2.677783489227295 0 191
2.6837692260742188 1 189
2.6905150413513184 2 189
2.697625160217285 4 189
2.7047183513641357 5 186
2.7116341590881348 6 175
2.7246367931365967 9 165
2.731565475463867 10 160
2.7384696006774902 10 151
2.745039939880371 11 145
2.7525975704193115 12 131
2.7595713138580322 13 124
2.76654314994812 13 116
2.7725820541381836 14 93
2.779747247695923 14 80
2.7870688438415527 14 80
2.7930901050567627 14 80
2.799816131591797 15 52
2.8077754974365234 14 24
2.8137741088867188 14 24
2.820620536804199 14 24
2.827756881713867 14 0
2.8337109088897705 13 -18
2.8404834270477295 13 -47
2.8477272987365723 12 -51
2.8549864292144775 11 -91
2.8617634773254395 10 -69
2.8685190677642822 10 -105
2.8747081756591797 8 -122
2.8816535472869873 8 -129
2.8884024620056152 7 -146
2.894583225250244 5 -157
2.9014687538146973 4 -165
2.909393548965454 3 -172
2.916217088699341 2 -179
2.922089099884033 1 -185
2.9298033714294434 -1 -187
2.936699390411377 -2 -191
2.9426958560943604 -3 -195
2.9496572017669678 -5 -199
2.957502603530884 -6 -196
2.963500499725342 -8 -188
2.970444440841675 -8 -178
2.977564811706543 -10 -177
2.983581304550171 -11 -171
2.9904184341430664 -12 -163
2.9974942207336426 -13 -159
3.004521131515503 -14 -144
3.011500597000122 -15 -133
3.0182652473449707 -15 -126
3.024688720703125 -16 -117
3.0316474437713623 -16 -93
3.03857421875 -17 -79
3.044719696044922 -17 -79
3.051649570465088 -17 -63
3.0594286918640137 -17 -63
3.0663201808929443 -17 -63
3.072221040725708 -17 -63
3.079214096069336 -17 -17
3.0862739086151123 -17 -17
3.0921616554260254 -16 0
3.0991992950439453 -16 16
3.107025146484375 -15 35
3.113002300262451 -15 81
3.126537799835205 -13 82
3.132563352584839 -12 97
3.139671802520752 -11 118
3.1470675468444824 -10 141
3.1530754566192627 -9 150
3.1607046127319336 -8 159
3.1680147647857666 -6 170
3.173889636993408 -5 173
3.180687665939331 -4 183
3.1877665519714355 -3 186
3.1937739849090576 -1 194
3.2005813121795654 0 195
3.2087018489837646 1 193
3.215520143508911 3 189
3.2217869758605957 4 187
3.228537082672119 5 183
3.2346994876861572 6 178
3.241673231124878 7 172
3.2484288215637207 8 166
3.2546422481536865 9 155
3.2631003856658936 10 146
3.270007848739624 11 141
3.2773380279541016 12 135
3.2833025455474854 12 117
3.2901508808135986 13 89
3.2974579334259033 13 89
3.3035454750061035 14 78
3.3115551471710205 14 78
3.3183393478393555 14 59
3.3246967792510986 14 59
3.3316736221313477 14 22
3.3384785652160645 14 22
3.3446836471557617 13 0
3.351590394973755 13 -19
3.3583409786224365 13 -43
3.366330623626709 12 -56
3.3722147941589355 11 -88
3.379220962524414 11 -98
3.38631010055542 10 -92
3.392239570617676 9 -111
3.39922833442688 8 -119
3.4060349464416504 7 -133
3.413015842437744 6 -153
3.419743776321411 4 -158
3.4270806312561035 3 -169
3.433040142059326 2 -172
3.43973708152771 1 -179
3.4470107555389404 0 -186
3.4530224800109863 -2 -194
3.4599380493164062 -3 -191
3.467965841293335 -5 -194
3.473851203918457 -6 -189
3.4806735515594482 -7 -188
3.4877877235412598 -8 -188
3.4938135147094727 -10 -183
3.5006186962127686 -11 -178
3.5079803466796875 -12 -173
3.515587568283081 -14 -158
3.5284104347229004 -15 -149
3.5349795818328857 -16 -137
3.5417189598083496 -16 -130
3.548591136932373 -17 -121
3.5554935932159424 -17 -97
3.5618178844451904 -18 -86
3.5697855949401855 -18 -72
3.5766704082489014 -18 -72
3.5826926231384277 -18 -72
3.58965802192688 -18 -72
3.596543312072754 -18 -72
3.602628469467163 -18 -72
3.6096017360687256 -18 -16
3.6175220012664795 -17 0
3.6234850883483887 -17 15
3.630453109741211 -16 32
3.6375668048858643 -16 69
3.6435868740081787 -15 96
3.6504058837890625 -14 49
3.6574854850769043 -13 100
3.663511037826538 -12 119
3.6714963912963867 -11 134
3.678283214569092 -10 152
3.6846275329589844 -9 161
3.691572666168213 -8 168
3.69828200340271 -6 178
3.7045018672943115 -5 181
3.711437940597534 -4 187
3.719254970550537 -3 189
3.7261409759521484 -1 191
3.7320587635040283 0 193
3.7391109466552734 1 189
3.746161460876465 3 187
3.7520885467529297 4 180
3.759110927581787 5 176
3.765615940093994 6 175
3.772724151611328 7 167
3.7796781063079834 8 160
3.786559820175171 9 149
3.792524814605713 10 143
3.79947566986084 10 129
3.8065381050109863 11 117
3.812588691711426 11 88
3.8204805850982666 12 78
3.827617645263672 12 78
3.833611249923706 13 66
3.8404483795166016 13 66
3.847581148147583 13 66
3.853597402572632 13 66
3.860416889190674 12 19
3.8685827255249023 12 0
3.8750150203704834 12 0
3.881701946258545 11 -17
3.88849139213562 11 -63
3.8947083950042725 10 -77
3.9016687870025635 9 -90
3.9084277153015137 9 -80
3.9145970344543457 8 -113
3.929962396621704 5 -136
3.937267541885376 4 -147
3.943208932876587 3 -160
3.9501307010650635 2 -165
3.957413673400879 1 -173
3.96341609954834 -1 -184
3.9716012477874756 -2 -187
3.978403329849243 -3 -194
3.984738349914551 -5 -194
3.991757869720459 -6 -194
3.998509407043457 -7 -195
4.004685878753662 -9 -193
4.011670112609863 -10 -193
4.018474340438843 -11 -183
4.026353359222412 -12 -176
4.0322582721710205 -13 -170
4.039315462112427 -14 -165
4.046349287033081 -15 -150
4.052259206771851 -16 -142
4.059280633926392 -17 -137
4.066126108169556 -17 -132
4.07305908203125 -18 -97
4.079914093017578 -18 -97
4.087096452713013 -19 -83
4.093044281005859 -19 -70
4.099757671356201 -19 -70
4.107053756713867 -19 -70
4.1130571365356445 -19 -70
4.119772911071777 -19 -70
4.127736330032349 -19 -16
4.1337196826934814 -19 0
4.140516757965088 -18 0
4.147579193115234 -18 16
4.153607130050659 -17 73
4.16029167175293 -16 85
4.167619466781616 -15 51
4.174686908721924 -14 100
4.181619644165039 -13 119
4.189847469329834 -12 134
4.196706533432007 -11 150
4.202671051025391 -10 162
4.209779500961304 -9 166
4.216644763946533 -8 181
4.222657203674316 -6 181
4.230571985244751 -5 191
4.23768162727356 -3 190
4.243643283843994 -2 199
4.250463962554932 -1 191
4.257578134536743 0 193
4.263600587844849 2 191
4.2702953815460205 3 189
4.278228282928467 4 184
4.28453254699707 5 178
4.291463375091553 6 175
4.298189640045166 7 163
4.30432391166687 8 158
4.311070442199707 9 147
4.317826747894287 10 127
4.331385612487793 11 117
4.338427305221558 12 94
4.345124959945679 12 83
4.3518640995025635 12 69
4.358981609344482 13 69
4.365124464035034 13 69
4.371789455413818 13 69
4.3795576095581055 13 69
4.3864381313323975 12 18
4.392433404922485 12 0
4.39932918548584 12 0
4.406362771987915 11 -16
4.412269830703735 11 -65
4.420080661773682 10 -79
4.4282355308532715 9 -53
4.434339284896851 8 -94
4.441244840621948 7 -106
4.4479920864105225 6 -123
4.453810453414917 5 -138
4.4605958461761475 4 -152
4.467988729476929 3 -161
4.473800420761108 2 -165
4.481810569763184 0 -178
4.488565444946289 -1 -183
4.494983911514282 -2 -190
4.501765727996826 -3 -193
4.523742437362671 -8 -195
4.531865835189819 -9 -196
4.538666486740112 -10 -192
4.545097589492798 -12 -185
4.551786184310913 -13 -182
4.5586137771606445 -14 -172
4.56503438949585 -15 -167
4.571764707565308 -16 -158
4.578526973724365 -17 -143
4.586712598800659 -17 -128
4.5926830768585205 -18 -120
4.599782228469849 -19 -93
4.606671571731567 -19 -83
4.612646579742432 -19 -83
4.619614839553833 -20 -65
4.626549482345581 -20 -65
4.63356614112854 -20 -65
4.640442609786987 -20 -65
4.647648096084595 -20 -65
4.6536545753479 -19 -17
4.660443067550659 -19 0
4.667455673217773 -18 16
4.673440217971802 -18 35
4.680147409439087 -17 64
4.688084602355957 -17 84
4.694005250930786 -16 52
4.700721979141235 -15 98
4.70804500579834 -14 108
4.713890075683594 -13 130
4.725607633590698 -11 157
4.735586643218994 -9 168
4.741894483566284 -8 173
4.749134302139282 -7 179
4.756196737289429 -6 186
4.7620909214019775 -4 192
4.7693257331848145 -3 194
4.776266574859619 -2 193
4.782146692276001 -1 192
4.78993821144104 1 191
4.797117710113525 2 184
4.803054332733154 3 182
4.809738397598267 4 176
4.816643476486206 5 170
4.82261848449707 6 162
4.829736232757568 7 157
4.837618589401245 8 146
4.843610525131226 9 132
4.850430011749268 10 123
4.8577046394348145 10 95
4.863711595535278 11 85
4.870517730712891 11 74
4.8776140213012695 11 74
4.883620500564575 12 55
4.89175009727478 12 55
4.898509502410889 12 23
4.904714107513428 11 23
4.911654949188232 11 23
4.918440580368042 11 0
4.92458701133728 10 -19
4.932192087173462 10 -45
4.9399254322052 9 -53
4.947269678115845 8 -86
4.953246116638184 8 -97
4.9599549770355225 7 -101
4.967134475708008 6 -111
4.97309136390686 5 -127
4.979774713516235 4 -141
4.9878151416778564 2 -154
4.993790149688721 1 -163
