0 0 0
0.00714421272277832 0 0
0.013018131256103516 0 0
0.019822359085083008 0 0
0.02662181854248047 0 2
0.032621145248413086 1 6
0.040281057357788086 1 31
0.04738211631774902 2 91
0.053322792053222656 3 27
0.060027360916137695 4 108
0.06737923622131348 5 128
0.07329869270324707 6 141
0.07994413375854492 7 150
0.0870814323425293 9 164
0.09381294250488281 10 171
0.10164499282836914 11 172
0.10839438438415527 12 178
0.11462187767028809 13 174
0.12155818939208984 14 179
0.12848544120788574 16 177
0.134690523147583 17 176
0.14249372482299805 18 180
0.14950346946716309 19 180
0.1563704013824463 21 175
0.16228485107421875 21 172
0.16936135292053223 23 168
0.17628026008605957 24 161
0.18222761154174805 25 160
0.19019436836242676 26 150
0.19756793975830078 27 147
0.2035822868347168 28 139
0.2102663516998291 28 131
0.21751737594604492 29 129
0.22353506088256836 30 119
0.23018789291381836 31 115
0.23733091354370117 31 111
0.24859309196472168 32 92
0.2566051483154297 33 84
0.2626466751098633 33 84
0.2695610523223877 33 69
0.2765059471130371 34 57
0.28251147270202637 34 57
0.28957104682922363 34 57
0.29743289947509766 34 57
0.30350279808044434 34 57
0.3104846477508545 34 57
0.3175826072692871 34 57
0.32363080978393555 34 19
0.3306238651275635 34 19
0.3377656936645508 34 19
0.3450765609741211 33 5
0.35177111625671387 33 5
0.3585348129272461 33 -5
0.3651764392852783 32 -17
0.3718571662902832 32 -44
0.38503170013427734 31 -62
0.3917968273162842 30 -71
0.3997807502746582 30 -78
0.4070913791656494 29 -90
0.4130830764770508 28 -97
0.4198150634765625 27 -95
0.4270920753479004 27 -100
0.43311405181884766 26 -111
0.4398500919342041 25 -121
0.44782376289367676 24 -130
0.45378899574279785 23 -137
0.4607362747192383 22 -145
0.467815637588501 21 -152
0.47382616996765137 20 -163
0.4806506633758545 19 -167
0.48801565170288086 17 -172
0.4951605796813965 16 -178
0.5018370151519775 14 -186
0.5087149143218994 13 -192
0.5151369571685791 12 -195
0.5217998027801514 11 -198
0.5285465717315674 9 -199
0.534700870513916 8 -202
0.541654109954834 6 -208
0.549607515335083 5 -208
0.556450605392456 3 -210
0.5624258518218994 2 -210
0.5693497657775879 1 -209
0.5762009620666504 -1 -216
0.5821151733398438 -2 -217
0.5893237590789795 -4 -220
0.5972650051116943 -5 -219
0.6032748222351074 -7 -214
0.6100773811340332 -8 -217
0.6172473430633545 -10 -214
0.6232593059539795 -11 -216
0.6300361156463623 -13 -215
0.6371865272521973 -14 -213
0.6432104110717773 -15 -211
0.6507279872894287 -17 -208
0.6579744815826416 -18 -207
0.6639108657836914 -20 -199
0.6712660789489746 -21 -194
0.6780762672424316 -22 -189
0.6840333938598633 -23 -185
0.6907272338867188 -24 -182
0.6986885070800781 -26 -175
0.7051560878753662 -27 -170
0.7118570804595947 -28 -157
0.7190999984741211 -29 -155
0.7262001037597656 -30 -145
0.7321360111236572 -31 -141
0.739262580871582 -31 -131
0.7461693286895752 -32 -130
0.753248929977417 -33 -120
0.7599525451660156 -34 -114
0.7671482563018799 -34 -99
0.7731506824493408 -35 -82
0.7871208190917969 -36 -74
0.793065071105957 -36 -74
0.8011195659637451 -36 -66
0.8081386089324951 -36 -66
0.8142788410186768 -37 -51
0.820765495300293 -37 -51
0.8283383846282959 -37 -51
0.8346672058105469 -37 -51
0.8416585922241211 -37 -51
0.8487403392791748 -37 -51
0.8571703433990479 -36 -12
0.8631863594055176 -36 -12
0.8700861930847168 -36 0
0.8774423599243164 -36 0
0.8834493160247803 -35 11
0.8901350498199463 -35 11
0.897364616394043 -35 24
0.9045083522796631 -34 45
0.9113917350769043 -34 56
0.91815185546875 -33 65
0.9242630004882812 -33 82
0.9310939311981201 -32 89
0.9379520416259766 -31 95
0.9438178539276123 -30 94
0.9506072998046875 -29 105
0.9586300849914551 -29 115
0.9655647277832031 -27 124
0.9719085693359375 -27 130
0.9795351028442383 -25 139
0.9866342544555664 -24 148
0.9926555156707764 -23 155
0.9997730255126953 -22 165
1.0080273151397705 -21 169
1.0139167308807373 -20 173
1.0207014083862305 -18 179
1.028028964996338 -17 186
1.0339305400848389 -16 194
1.0406889915466309 -15 193
1.0478076934814453 -13 199
1.0550909042358398 -11 201
1.0617928504943848 -10 206
1.0685412883758545 -9 207
1.0747308731079102 -7 214
1.0816748142242432 -6 214
1.0885717868804932 -4 214
1.0950217247009277 -3 217
1.1024730205535889 0 215
1.1119036674499512 1 222
1.1203227043151855 3 216
1.128380298614502 4 217
1.1345486640930176 6 218
1.141486406326294 7 214
1.1483914852142334 9 216
1.1562871932983398 10 212
1.162219524383545 12 212
1.1692545413970947 13 211
1.176159381866455 15 199
1.1889960765838623 17 196
1.1961069107055664 18 195
1.2020394802093506 19 187
1.2100379467010498 21 186
1.2172400951385498 22 186
1.2232797145843506 23 174
1.2300076484680176 24 171
1.2373321056365967 25 163
1.2433125972747803 26 151
1.2500381469726562 27 147
1.258157730102539 28 138
1.2644810676574707 29 131
1.2714052200317383 30 128
1.2781527042388916 30 125
1.284292459487915 31 115
1.2910614013671875 31 97
1.2978010177612305 32 86
1.3037853240966797 32 76
1.311786413192749 33 76
1.3185458183288574 33 65
1.3251457214355469 34 55
1.3318021297454834 34 55
1.3385720252990723 34 55
1.34503173828125 34 55
1.351731538772583 34 55
1.3595023155212402 34 55
1.3665685653686523 34 55
1.372605800628662 34 55
1.3796262741088867 34 19
1.3866865634918213 33 6
1.3926758766174316 33 6
1.399634599685669 33 -6
1.4065933227539062 33 -18
1.4136605262756348 32 -52
1.4204769134521484 32 -48
1.4275853633880615 31 -48
1.4335951805114746 31 -68
1.4404215812683105 30 -75
1.4476721286773682 29 -82
1.4536795616149902 29 -88
1.4616796970367432 28 -86
1.4684975147247314 27 -98
1.4747023582458496 26 -105
1.4816651344299316 25 -115
1.48842191696167 25 -124
1.4947686195373535 23 -130
1.5017220973968506 23 -135
1.5086650848388672 21 -146
1.5166740417480469 20 -158
1.5226683616638184 19 -163
1.5296518802642822 18 -167
1.5365900993347168 17 -174
1.5426197052001953 16 -179
1.549576759338379 14 -184
1.556480884552002 13 -191
1.5635418891906738 11 -198
1.5704624652862549 10 -199
1.5775413513183594 8 -203
1.5902025699615479 6 -204
1.5975713729858398 4 -206
1.6035301685333252 3 -210
1.610459804534912 1 -212
1.6185553073883057 0 -212
1.6251461505889893 -2 -214
1.631833553314209 -3 -219
1.6385695934295654 -4 -215
1.645026683807373 -6 -219
1.651733636856079 -7 -218
1.6585257053375244 -9 -217
1.66648268699646 -11 -221
1.6724929809570312 -12 -215
1.6795151233673096 -13 -216
1.6865770816802979 -15 -211
1.69260573387146 -16 -208
1.6995840072631836 -18 -209
1.7065563201904297 -19 -204
1.71262526512146 -20 -197
1.7204711437225342 -21 -191
1.7275965213775635 -23 -187
1.7336335182189941 -24 -184
1.7404861450195312 -25 -178
1.7477517127990723 -26 -172
1.753741979598999 -27 -164
1.760740041732788 -28 -161
1.7687263488769531 -29 -150
1.775160312652588 -30 -146
1.7818355560302734 -31 -142
1.7885932922363281 -32 -130
1.7950491905212402 -33 -125
1.801783800125122 -33 -121
1.8087244033813477 -34 -112
1.8166334629058838 -35 -95
1.8226442337036133 -35 -87
1.8296408653259277 -35 -87
1.836531162261963 -36 -75
1.842498540878296 -36 -65
1.8494744300842285 -36 -65
1.8563575744628906 -37 -53
1.8622689247131348 -37 -53
1.8701927661895752 -37 -53
1.87735915184021 -37 -53
1.8833260536193848 -37 -53
1.8901736736297607 -37 -53
1.8973557949066162 -37 -53
1.9032948017120361 -36 -12
1.9099931716918945 -36 -12
1.9180018901824951 -36 0
1.9238557815551758 -36 0
1.9307677745819092 -35 11
1.937807321548462 -35 11
1.9437928199768066 -35 45
1.9506213665008545 -34 45
1.957686185836792 -34 56
1.9636826515197754 -33 73
1.971754550933838 -32 81
1.9785621166229248 -31 86
1.991593837738037 -30 93
1.9998786449432373 -29 104
2.0072133541107178 -28 114
2.013174295425415 -27 123
2.021437406539917 -26 131
2.028153896331787 -25 141
2.034278631210327 -24 151
2.0407633781433105 -23 158
2.0480611324310303 -22 159
2.0539181232452393 -21 172
2.0607099533081055 -20 172
2.0677998065948486 -18 180
2.075167417526245 -17 184
2.0818302631378174 -15 192
2.0885512828826904 -14 198
2.094733953475952 -13 197
2.102264642715454 -11 202
2.1094534397125244 -10 204
2.1163265705108643 -8 209
2.123304843902588 -7 212
2.1299901008605957 -5 216
2.1371233463287354 -4 218
2.1430718898773193 -3 215
2.149941921234131 -1 217
2.157128095626831 0 216
2.163083553314209 2 219
2.1770834922790527 5 217
2.1831040382385254 6 219
2.1897470951080322 8 213
2.196641445159912 9 217
2.2026429176330566 10 213
2.209655523300171 12 212
2.2165751457214355 13 211
2.222590923309326 15 207
2.2305383682250977 16 199
2.2376558780670166 17 196
2.2436940670013428 19 190
2.2504961490631104 20 187
2.2576091289520264 21 184
2.2636241912841797 22 179
2.270460844039917 23 174
2.278505563735962 24 164
2.285102605819702 26 159
2.2917985916137695 26 156
2.2985689640045166 27 148
2.3049871921539307 28 142
2.3117003440856934 29 138
2.318458318710327 30 128
2.3246450424194336 31 119
2.3322391510009766 31 115
2.339310884475708 32 110
2.3463454246520996 32 92
2.352259874343872 33 80
2.3592560291290283 33 80
2.3660709857940674 33 68
2.371983528137207 34 59
2.379805088043213 34 59
2.393070936203003 34 44
2.3999483585357666 34 44
2.407428741455078 34 44
2.4134154319763184 34 16
2.420228958129883 34 16
2.428631067276001 34 16
2.4350478649139404 33 0
2.4417662620544434 33 0
2.4485373497009277 33 -13
2.454991579055786 33 -13
2.4617745876312256 32 -29
2.468733072280884 32 -39
2.4751672744750977 31 -60
2.482987880706787 31 -60
2.4897115230560303 30 -76
2.496621608734131 29 -84
2.502681016921997 29 -89
2.5096356868743896 28 -87
2.5165724754333496 27 -100
2.522618532180786 27 -106
2.5306642055511475 25 -115
2.538029193878174 24 -127
2.544041395187378 23 -135
2.5507164001464844 23 -141
2.557790756225586 21 -150
2.563784599304199 20 -154
2.570580244064331 19 -162
2.577732801437378 18 -169
2.5856266021728516 16 -176
2.591916799545288 15 -181
2.5987162590026855 14 -188
2.6051080226898193 13 -190
2.6117753982543945 11 -198
2.61856746673584 10 -198
2.62473726272583 8 -202
2.6325523853302 7 -205
2.63952374458313 6 -204
2.6465508937835693 4 -210
2.652533769607544 3 -209
2.65948748588562 2 -209
2.666551113128662 0 -214
2.6725776195526123 -1 -217
2.679588794708252 -3 -217
2.6875338554382324 -5 -217
2.693535327911377 -6 -219
2.7002036571502686 -7 -218
2.7074899673461914 -9 -215
2.713454008102417 -10 -217
2.720198154449463 -12 -215
2.727375030517578 -13 -213
2.734407663345337 -15 -211
2.741271734237671 -16 -211
2.748033046722412 -18 -208
2.754047155380249 -19 -202
2.760730266571045 -20 -197
2.7680540084838867 -21 -196
2.7739334106445312 -22 -186
2.7807230949401855 -25 -178
2.7940468788146973 -26 -170
2.801356792449951 -27 -168
2.808391571044922 -28 -157
2.8147406578063965 -29 -156
2.8216803073883057 -30 -147
2.8285911083221436 -31 -136
2.83658766746521 -32 -132
2.8426520824432373 -32 -124
2.849658966064453 -33 -120
2.8565874099731445 -34 -115
2.8626251220703125 -34 -109
2.869645595550537 -35 -90
2.8765628337860107 -35 -83
2.8825652599334717 -36 -74
2.8902151584625244 -36 -67
2.8973605632781982 -36 -67
2.9033141136169434 -37 -57
2.910017728805542 -37 -57
2.917210817337036 -37 -57
2.92317533493042 -37 -57
2.93001651763916 -37 -57
2.937978982925415 -37 -57
2.943856716156006 -37 -57
2.951093912124634 -36 -7
2.957818031311035 -36 -7
2.963838577270508 -36 6
2.9705958366394043 -36 6
2.9776508808135986 -35 19
2.983698844909668 -35 54
2.991649627685547 -35 54
2.998396873474121 -34 45
3.004742383956909 -34 56
3.011664867401123 -33 65
3.0184550285339355 -32 81
3.0246782302856445 -32 88
3.0315866470336914 -31 95
3.039405107498169 -30 93
3.0463004112243652 -29 104
3.0522520542144775 -29 116
3.05940842628479 -28 124
3.0664424896240234 -27 131
3.0724709033966064 -26 139
3.0794289112091064 -25 145
3.0863230228424072 -23 154
3.093395233154297 -22 163
3.101114511489868 -21 168
3.1079964637756348 -20 172
3.1138575077056885 -18 180
3.1206257343292236 -17 185
3.127997398376465 -16 191
3.133843421936035 -15 196
3.1418616771698 -13 196
3.148646831512451 -12 202
3.1550509929656982 -10 204
3.161742687225342 -9 209
3.1684927940368652 -7 211
3.1747143268585205 -6 214
3.1816561222076416 -4 213
3.196377754211426 -1 221
3.202467441558838 0 218
3.209566831588745 2 218
3.216597318649292 3 221
3.2226085662841797 4 216
3.2295916080474854 6 217
3.236494541168213 7 216
3.2434909343719482 9 217
3.2503256797790527 10 215
3.2575302124023438 12 211
3.263519048690796 13 211
3.2701897621154785 15 207
3.277334451675415 16 203
3.283310890197754 17 198
3.290034770965576 18 194
3.298062324523926 20 189
3.303926944732666 21 183
3.3111181259155273 22 180
3.3181889057159424 23 175
3.3243467807769775 24 166
3.3312244415283203 25 161
3.3380203247070312 26 154
3.345602512359619 27 149
3.3519697189331055 28 142
3.358736276626587 29 134
3.3656399250030518 30 131
3.3719277381896973 30 124
3.379040479660034 31 99
3.385544776916504 32 93
3.391831636428833 32 88
3.3996505737304688 33 83
3.406566619873047 33 74
3.4125781059265137 33 74
3.4195826053619385 34 57
3.426664113998413 34 57
3.432650089263916 34 57
3.4396541118621826 34 41
3.4477713108062744 34 41
3.453794240951538 34 17
3.4605751037597656 34 17
3.467710018157959 34 17
3.4737601280212402 34 17
3.4805591106414795 33 0
3.4878010749816895 33 0
3.4947681427001953 33 -14
3.501786231994629 32 -31
3.5085811614990234 32 -36
3.5150065422058105 32 -36
3.5217719078063965 31 -49
3.528546094894409 31 -59
3.5347695350646973 30 -75
3.541740894317627 29 -83
3.5496766567230225 29 -89
3.5566203594207764 28 -86
3.5626702308654785 27 -99
3.569683313369751 26 -105
3.5767250061035156 25 -115
3.582684278488159 23 -144
3.6101012229919434 20 -159
3.6256415843963623 18 -168
3.640031576156616 15 -184
3.6526012420654297 12 -191
3.6696693897247314 9 -199
3.6821210384368896 6 -201
3.697402238845825 4 -206
3.7114837169647217 1 -212
3.722292423248291 -2 -216
3.729503870010376 -3 -215
3.7364206314086914 -5 -216
3.742323875427246 -6 -218
3.749354124069214 -7 -216
3.759906530380249 -10 -219
3.7738986015319824 -13 -215
3.78554105758667 -15 -210
3.792501211166382 -17 -210
3.799473524093628 -18 -209
3.806363821029663 -19 -199
3.8122832775115967 -21 -193
3.8193488121032715 -22 -187
3.827296495437622 -23 -185
3.833268165588379 -25 -180
3.840083360671997 -26 -176
3.8474526405334473 -27 -172
3.853484869003296 -28 -157
3.8601930141448975 -29 -153
3.8673548698425293 -29 -148
3.874384641647339 -31 -141
3.881298542022705 -31 -136
3.88804292678833 -32 -127
3.8939173221588135 -33 -123
3.9006989002227783 -33 -117
3.90805721282959 -34 -110
3.914043426513672 -34 -87
3.9207215309143066 -35 -80
3.928617477416992 -35 -80
3.9347288608551025 -36 -71
3.9417061805725098 -36 -71
3.9484381675720215 -36 -57
3.954620838165283 -36 -57
3.9615156650543213 -36 -57
3.9684784412384033 -37 -42
3.976377248764038 -37 -42
3.9822802543640137 -37 -42
3.996471881866455 -36 -13
4.002486944198608 -36 -13
4.009642124176025 -36 -13
4.016698360443115 -36 0
4.0226523876190186 -35 12
4.0376410484313965 -35 27
4.04365086555481 -34 40
4.050463914871216 -34 54
4.0576066970825195 -33 63
4.063613414764404 -33 73
4.070314168930054 -32 81
4.078235864639282 -31 96
4.084524631500244 -31 93
4.09141731262207 -30 99
4.099219560623169 -29 111
4.10605788230896 -28 120
4.111974477767944 -27 127
4.118729591369629 -26 139
4.126516819000244 -25 147
4.132550001144409 -24 152
4.1395792961120605 -23 160
4.146618366241455 -22 163
4.152648210525513 -21 170
4.159607172012329 -19 173
4.166459560394287 -18 183
4.173869609832764 -16 192
4.181862115859985 -15 195
4.188629388809204 -13 199
4.195038318634033 -12 204
4.201725244522095 -11 202
4.208633661270142 -9 208
4.214995622634888 -8 209
4.22171425819397 -6 210
4.229676961898804 -5 216
4.23658561706543 -3 218
4.2426159381866455 -2 216
4.249584913253784 0 217
4.256386995315552 1 219
4.262267827987671 2 216
4.2694244384765625 4 218
4.276269197463989 5 216
4.283251047134399 7 216
4.2899391651153564 8 214
4.297078847885132 10 214
4.303035020828247 11 213
4.309715747833252 13 207
4.316635608673096 14 205
4.322666883468628 15 204
4.330571889877319 17 200
4.337664365768433 18 195
4.3436524868011475 19 188
4.350484848022461 20 185
4.3577797412872314 22 181
4.363772630691528 23 173
4.370577812194824 24 168
4.37767767906189 25 156
4.388542652130127 26 147
4.399261474609375 27 139
4.406336069107056 28 131
4.412232160568237 29 127
4.41940712928772 30 120
4.4263129234313965 31 117
4.433279991149902 31 111
4.43998384475708 32 89
4.4472596645355225 32 77
4.453256845474243 32 69
4.459908723831177 33 69
4.467052221298218 33 59
4.473040819168091 33 59
4.48742151260376 33 41
4.493420124053955 34 41
4.500066757202148 34 41
4.507399559020996 34 41
4.513365030288696 34 41
4.520067930221558 33 13
4.52724027633667 33 13
4.534291982650757 33 0
4.540761947631836 33 0
4.547801733016968 32 -11
4.5538084506988525 32 -11
4.560604810714722 32 -28
4.56799578666687 31 -43
4.5738606452941895 31 -56
4.580660343170166 30 -66
4.588626384735107 30 -82
4.595092296600342 29 -88
4.601771354675293 28 -96
4.608534574508667 27 -93
4.615147113800049 26 -105
4.621821641921997 26 -115
4.628737449645996 25 -120
4.636651515960693 24 -132
4.642657995223999 23 -141
4.6496336460113525 21 -149
4.656592607498169 21 -155
4.662653207778931 19 -164
4.669617414474487 18 -169
4.676560640335083 17 -171
4.682595252990723 16 -174
4.69046688079834 14 -184
4.697551727294922 13 -189
4.703517198562622 12 -198
4.71016001701355 11 -197
4.717342376708984 9 -199
4.723273277282715 8 -200
4.730010986328125 6 -204
4.7379631996154785 5 -205
4.743822813034058 3 -210
4.751074552536011 2 -211
4.7577965259552 0 -212
4.763776063919067 -1 -217
4.770564794540405 -2 -218
4.777658224105835 -4 -218
4.783679723739624 -7 -216
4.798069000244141 -8 -217
4.804046154022217 -10 -217
4.81140398979187 -11 -219
4.81833291053772 -13 -216
4.824500799179077 -14 -216
4.831414699554443 -15 -214
4.839269399642944 -17 -209
4.8461713790893555 -19 -209
4.852099895477295 -20 -199
4.859145641326904 -21 -192
4.866236925125122 -22 -186
4.87214732170105 -23 -183
4.879370450973511 -24 -180
4.886236190795898 -26 -171
4.8933024406433105 -27 -165
4.900018215179443 -28 -160
4.907277822494507 -29 -157
4.913259029388428 -30 -152
4.919978618621826 -31 -143
4.927321434020996 -31 -137
4.933307647705078 -32 -129
4.94128942489624 -33 -124
4.94805645942688 -34 -118
4.954036235809326 -34 -97
4.960713863372803 -35 -90
4.967796325683594 -35 -90
4.973774433135986 -36 -78
4.980549573898315 -36 -69
4.987832307815552 -36 -58
4.995160102844238 -37 -58
