0 0 0
0.007127046585083008 0 0
0.014113664627075195 0 0
0.019992351531982422 0 3
0.027010679244995117 1 7
0.03353595733642578 1 18
0.039865732192993164 2 54
0.04765725135803223 3 93
0.0550234317779541 4 73
0.06102776527404785 4 109
0.0677497386932373 6 125
0.07465672492980957 6 137
0.08061909675598145 7 143
0.0875844955444336 8 144
0.09450054168701172 10 147
0.10157442092895508 10 147
0.10842514038085938 11 144
0.11575508117675781 12 143
0.12175679206848145 13 139
0.1286303997039795 14 134
0.1359999179840088 15 130
0.1419689655303955 15 118
0.149796724319458 16 94
0.15662527084350586 16 83
0.1630876064300537 17 83
0.1697690486907959 17 70
0.1770176887512207 17 70
0.18394184112548828 18 49
0.18993806838989258 18 49
0.1977396011352539 18 49
0.20464801788330078 17 19
0.21065688133239746 17 19
0.2176971435546875 17 0
0.22463512420654297 17 -17
0.23065567016601562 16 -41
0.23779749870300293 16 -41
0.2449960708618164 15 -71
0.25186800956726074 14 -94
0.258650541305542 13 -69
0.26604366302490234 12 -99
0.27218174934387207 12 -117
0.2790055274963379 11 -132
0.2859055995941162 9 -144
0.2917909622192383 8 -157
0.299945592880249 7 -167
0.30693864822387695 6 -175
0.31310272216796875 4 -187
0.32721519470214844 2 -195
0.3343021869659424 0 -198
0.3402073383331299 -1 -197
0.3474886417388916 -3 -199
0.3557248115539551 -4 -201
0.36175012588500977 -5 -197
0.3686227798461914 -6 -193
0.37575626373291016 -8 -188
0.381772518157959 -9 -184
0.3886077404022217 -10 -181
0.39601922035217285 -11 -178
0.40357542037963867 -13 -166
0.40994954109191895 -13 -155
0.41720104217529297 -14 -150
0.42414140701293945 -15 -139
0.43010497093200684 -16 -126
0.43716979026794434 -16 -117
0.44542765617370605 -17 -91
0.45289182662963867 -18 -77
0.4596824645996094 -18 -77
0.46665143966674805 -18 -64
0.47500061988830566 -18 -64
0.4810185432434082 -18 -64
0.4879333972930908 -18 -64
0.4952812194824219 -18 -64
0.5024583339691162 -18 -16
0.5094563961029053 -17 0
0.516261100769043 -17 15
0.5226273536682129 -16 33
0.5295989513397217 -16 65
0.5365159511566162 -15 80
0.542945384979248 -14 99
0.5497229099273682 -14 96
0.5575587749481201 -12 113
0.5644822120666504 -12 130
0.570521354675293 -11 142
0.5775482654571533 -9 155
0.5844533443450928 -8 163
0.5905060768127441 -7 171
0.5976719856262207 -6 176
0.6056103706359863 -4 184
0.6116745471954346 -3 192
0.6185073852539062 -2 194
0.6256387233734131 0 195
0.63169264793396 1 195
0.6385390758514404 2 201
0.6456253528594971 4 198
0.6516759395599365 5 199
0.6598517894744873 6 193
0.666649341583252 8 191
0.6730735301971436 9 187
0.6797385215759277 10 178
0.686530590057373 11 162
0.6929988861083984 12 158
0.6997356414794922 13 151
0.7074379920959473 14 145
0.7146182060241699 14 128
0.7272627353668213 16 96
0.7343649864196777 16 87
0.7404031753540039 16 87
0.7476568222045898 17 73
0.7549972534179688 17 73
0.7617828845977783 17 73
0.7690584659576416 17 73
0.7760851383209229 17 73
0.782433032989502 16 16
0.789414644241333 16 16
0.7961938381195068 16 0
0.803093433380127 15 -32
0.8106300830841064 15 -66
0.8178203105926514 14 -79
0.8251855373382568 13 -48
0.8312082290649414 12 -94
0.8381333351135254 11 -113
0.8453543186187744 10 -121
0.8513631820678711 9 -139
0.8593485355377197 8 -151
0.866102933883667 7 -160
0.8722584247589111 6 -171
0.879143476486206 5 -177
0.8859672546386719 3 -184
0.8919587135314941 2 -192
0.8992547988891602 1 -195
0.9060800075531006 -1 -197
0.9142727851867676 -2 -197
0.9201903343200684 -4 -197
0.9272642135620117 -5 -199
0.9342226982116699 -6 -196
0.9401593208312988 -8 -194
0.9472193717956543 -9 -189
0.9542872905731201 -10 -184
0.9622561931610107 -12 -179
0.9692003726959229 -12 -171
0.9759862422943115 -14 -163
0.9819996356964111 -14 -152
0.9889943599700928 -15 -143
0.9959571361541748 -16 -139
1.0019659996032715 -17 -129
1.0086495876312256 -17 -96
1.0170979499816895 -18 -85
1.0239989757537842 -18 -85
1.0299651622772217 -19 -75
1.0370573997497559 -19 -62
1.0441439151763916 -19 -62
1.050079107284546 -19 -62
1.0571882724761963 -19 -20
1.0651969909667969 -19 -20
1.0712480545043945 -18 0
1.07818603515625 -18 0
1.0853240489959717 -18 17
1.091343641281128 -17 38
1.0980298519134521 -17 72
1.1052124500274658 -16 85
1.1122369766235352 -15 73
1.1238532066345215 -13 109
1.1317379474639893 -12 123
1.1392161846160889 -12 138
1.1461718082427979 -10 156
1.152402639389038 -9 164
1.1592602729797363 -8 171
1.1670811176300049 -7 175
1.1742117404937744 -5 180
1.1801249980926514 -4 190
1.1871626377105713 -3 196
1.1942529678344727 -1 199
1.2001755237579346 0 196
1.2072162628173828 1 201
1.2151269912719727 3 199
1.2211337089538574 4 198
1.2278392314910889 6 197
1.2350351810455322 7 189
1.2410240173339844 8 188
1.2477262020111084 9 176
1.2550170421600342 10 170
1.261047601699829 11 165
1.2685651779174805 12 158
1.2757084369659424 13 144
1.281714916229248 14 133
1.2885239124298096 14 126
1.2957184314727783 15 116
1.3017282485961914 16 94
1.3090002536773682 16 76
1.3171627521514893 16 76
1.3241162300109863 17 60
1.3300766944885254 17 60
1.3371813297271729 17 60
1.344074010848999 17 60
1.3500432968139648 16 19
1.3571374416351318 16 19
1.3640305995941162 16 0
1.3710429668426514 15 -17
1.3779447078704834 15 -37
1.3851771354675293 14 -74
1.3911917209625244 14 -88
1.3979449272155762 13 -75
1.4051539897918701 12 -89
1.411177635192871 11 -110
1.418992280960083 10 -126
1.4257776737213135 9 -138
1.4317243099212646 8 -156
1.4386751651763916 7 -163
1.4457488059997559 5 -170
1.4517457485198975 4 -182
1.458613395690918 3 -187
1.4657158851623535 1 -193
1.4730029106140137 0 -193
1.4797308444976807 -1 -192
1.4865245819091797 -3 -197
1.4934954643249512 -4 -202
1.499861240386963 -5 -200
1.506667137145996 -7 -195
1.5134880542755127 -8 -189
1.5262000560760498 -11 -183
1.5350756645202637 -12 -178
1.5411031246185303 -13 -172
1.5479786396026611 -14 -164
1.5553948879241943 -15 -156
1.561448574066162 -16 -142
1.5696232318878174 -17 -133
1.576371431350708 -17 -125
1.5825674533843994 -18 -116
1.5895113945007324 -18 -96
1.5963385105133057 -19 -82
1.6025331020355225 -19 -71
1.6094856262207031 -19 -71
1.6164190769195557 -19 -71
1.6243984699249268 -19 -71
1.6304996013641357 -19 -71
1.6375041007995605 -19 -71
1.644413709640503 -19 -71
1.6504833698272705 -19 -14
1.657524824142456 -18 0
1.6644222736358643 -18 14
1.6715075969696045 -17 29
1.678436279296875 -17 85
1.6855852603912354 -16 97
1.691587209701538 -15 88
1.6985762119293213 -14 99
1.7056667804718018 -13 119
1.7116897106170654 -12 138
1.718526840209961 -11 150
1.7265164852142334 -10 159
1.733102798461914 -8 171
1.7397782802581787 -7 175
1.7466247081756592 -6 183
1.7530457973480225 -5 184
1.7597441673278809 -4 192
1.7665345668792725 -2 198
1.774552583694458 -1 199
1.7805755138397217 0 196
1.7875704765319824 2 200
1.7946443557739258 3 196
1.8006305694580078 4 199
1.807619571685791 6 191
1.8145663738250732 7 181
1.820582628250122 8 171
1.8284950256347656 9 167
1.8355844020843506 10 165
1.8415732383728027 11 152
1.8483924865722656 12 145
1.8556575775146484 13 138
1.8616816997528076 14 123
1.8685235977172852 14 95
1.8764560222625732 14 83
1.8826758861541748 15 83
1.8896574974060059 15 70
1.8964581489562988 15 70
1.902925729751587 16 52
1.909684181213379 16 52
1.9166321754455566 15 23
1.9284610748291016 15 0
1.9373323917388916 15 -19
1.9443790912628174 14 -44
1.9504213333129883 14 -44
1.9584474563598633 13 -68
1.9655835628509521 12 -83
1.9716031551361084 11 -67
1.9798309803009033 10 -98
1.9866549968719482 10 -117
1.9930903911590576 8 -130
2.001190185546875 7 -146
2.0078818798065186 6 -156
2.0150721073150635 5 -170
2.0210049152374268 4 -179
2.028499126434326 2 -183
2.0357437133789062 1 -186
2.0417635440826416 0 -192
2.0485713481903076 -2 -194
2.0557100772857666 -3 -196
2.0617196559906006 -4 -199
2.0685172080993652 -6 -196
2.0756990909576416 -7 -197
2.0835256576538086 -9 -191
2.0898637771606445 -10 -188
2.0970866680145264 -11 -185
2.1040871143341064 -12 -179
2.110038995742798 -13 -173
2.117098331451416 -14 -165
2.1239960193634033 -15 -156
2.1311562061309814 -16 -149
2.1378870010375977 -17 -136
2.145071268081665 -18 -129
2.1510467529296875 -18 -121
2.1579434871673584 -19 -96
2.165132761001587 -19 -85
2.1711487770080566 -19 -69
2.1778903007507324 -20 -69
2.18595290184021 -20 -69
2.1984643936157227 -20 -69
2.2055909633636475 -20 -69
2.211585760116577 -19 -16
2.2185840606689453 -19 -16
2.2257280349731445 -19 0
2.2329518795013428 -18 15
2.239727258682251 -18 31
2.2464826107025146 -17 81
2.2529845237731934 -16 91
2.2597270011901855 -15 83
2.2665140628814697 -14 104
2.2731099128723145 -13 122
2.2806389331817627 -12 133
2.2876386642456055 -11 146
2.294546604156494 -10 160
2.3005638122558594 -9 168
2.3075497150421143 -8 173
2.3145225048065186 -6 187
2.3205559253692627 -5 191
2.335362672805786 -2 195
2.3414409160614014 -1 197
2.3484625816345215 0 196
2.3556621074676514 2 197
2.361659526824951 3 198
2.368462562561035 4 201
2.3755605220794678 6 197
2.3826324939727783 7 188
2.3896119594573975 8 179
2.3965489864349365 9 171
2.4030027389526367 11 167
2.40972900390625 11 164
2.4165327548980713 12 153
2.4230024814605713 13 139
2.42972731590271 14 132
2.4375665187835693 15 116
2.444492816925049 15 88
2.4505832195281982 15 88
2.457819938659668 16 74
2.464989185333252 16 74
2.4710028171539307 16 74
2.4778966903686523 16 74
2.485978841781616 16 74
2.4919838905334473 16 74
2.49865460395813 16 74
2.505756378173828 15 14
2.5117766857147217 15 0
2.5189876556396484 15 -13
2.5398449897766113 12 -89
2.5613231658935547 9 -127
2.580038547515869 6 -152
2.592312812805176 5 -168
2.5992114543914795 4 -174
2.6061224937438965 2 -180
2.6122708320617676 1 -185
2.61919903755188 0 -191
2.625962734222412 -2 -194
2.6319711208343506 -3 -195
2.6400997638702393 -5 -197
2.6471707820892334 -6 -198
2.6541008949279785 -7 -195
2.660118579864502 -8 -183
2.667189359664917 -9 -179
2.6741044521331787 -11 -170
2.6800472736358643 -12 -168
2.687983512878418 -13 -164
2.6953237056732178 -14 -155
2.701329469680786 -15 -144
2.7080068588256836 -16 -137
2.715200662612915 -16 -130
2.721224308013916 -17 -97
2.7355759143829346 -18 -85
2.7430782318115234 -18 -73
2.7497732639312744 -18 -73
2.75712513923645 -19 -55
2.7641067504882812 -19 -55
2.7700388431549072 -19 -20
2.7771241664886475 -18 -20
2.784027338027954 -18 -20
2.7911055088043213 -18 0
2.7978100776672363 -17 17
2.805030345916748 -17 40
2.8110389709472656 -16 53
2.8179476261138916 -16 87
2.8251984119415283 -15 97
2.8312160968780518 -14 90
2.8379745483398438 -13 111
2.8459973335266113 -12 118
2.8519771099090576 -11 139
2.8586742877960205 -10 149
2.8660478591918945 -9 158
2.8720006942749023 -8 168
2.8791885375976562 -7 176
2.885977268218994 -5 182
2.8935322761535645 -4 188
2.899868965148926 -2 191
2.906923294067383 -1 199
2.9131104946136475 0 197
2.9197874069213867 2 199
2.9265663623809814 3 196
2.9335131645202637 4 197
2.9397966861724854 6 198
2.947632312774658 7 193
2.9545791149139404 8 183
2.9614744186401367 10 181
2.9681992530822754 10 173
2.975348472595215 11 164
2.9813618659973145 13 160
2.9881749153137207 13 143
2.9964253902435303 14 138
3.002652168273926 15 124
3.0096495151519775 16 116
3.016461133956909 16 85
3.0229222774505615 16 85
3.0296790599823 17 74
3.0364859104156494 17 74
3.0445332527160645 17 74
3.0506041049957275 17 74
3.057777166366577 17 74
3.0646684169769287 17 74
3.0709140300750732 16 16
3.077735424041748 16 0
3.0846188068389893 16 -14
3.0906295776367188 15 -31
3.0984809398651123 14 -68
3.1056149005889893 13 -93
3.111661911010742 13 -84
3.118659496307373 12 -95
3.131086826324463 10 -128
3.139763355255127 9 -146
3.1477181911468506 7 -158
3.1550261974334717 6 -170
3.161001682281494 5 -174
3.167860269546509 4 -180
3.175231695175171 2 -185
3.181239604949951 1 -193
3.187948703765869 0 -196
3.195897102355957 -2 -198
3.201817512512207 -3 -198
3.2086477279663086 -4 -200
3.2157514095306396 -6 -203
3.221766233444214 -7 -194
3.2286276817321777 -8 -193
3.2360050678253174 -10 -183
3.2420082092285156 -11 -180
3.2499496936798096 -12 -177
3.2572214603424072 -13 -171
3.2641608715057373 -14 -161
3.2701125144958496 -15 -151
3.277198314666748 -16 -147
3.2841455936431885 -17 -132
3.2900753021240234 -17 -122
3.2980895042419434 -18 -116
3.3053083419799805 -18 -91
3.3112785816192627 -19 -75
3.318009376525879 -19 -65
3.325195550918579 -19 -65
3.3311944007873535 -19 -65
3.3379666805267334 -19 -65
3.345187187194824 -19 -65
3.3524129390716553 -19 -18
3.3593385219573975 -19 0
3.3660964965820312 -18 0
3.372236967086792 -18 16
3.379145383834839 -17 35
3.386106014251709 -17 60
3.3924474716186523 -16 89
3.4002089500427246 -15 77
3.4073305130004883 -14 90
3.414370059967041 -13 119
3.420382261276245 -12 132
3.427335739135742 -11 144
3.4342498779296875 -10 154
3.440178871154785 -9 173
3.456029176712036 -6 184
3.4715192317962646 -2 193
3.487359046936035 0 199
3.4998507499694824 4 201
3.5155858993530273 6 204
3.538425922393799 10 180
3.5551512241363525 13 170
3.5680758953094482 15 143
3.580606460571289 16 129
3.588191032409668 17 121
3.5955514907836914 18 89
3.601590394973755 18 78
3.608445882797241 18 78
3.615586996078491 18 78
3.621655225753784 18 78
3.6384243965148926 18 78
3.651545763015747 18 15
3.6595048904418945 17 0
3.6662757396698 17 -14
3.67244815826416 16 -29
3.679417371749878 16 -69
3.687256097793579 15 -96
3.694157838821411 14 -86
3.700103521347046 13 -110
3.7071352005004883 12 -120
3.7142395973205566 11 -140
3.7201662063598633 10 -151
3.7272231578826904 9 -160
3.735154628753662 8 -171
3.741162061691284 7 -176
3.7479004859924316 5 -186
3.755117416381836 4 -192
3.761094570159912 3 -197
3.767815113067627 1 -196
3.7751195430755615 0 -199
3.7811405658721924 -2 -195
3.7891499996185303 -3 -198
3.79595685005188 -4 -194
3.801851272583008 -6 -193
3.808652639389038 -7 -184
3.8157753944396973 -8 -180
3.8217577934265137 -9 -175
3.8285892009735107 -10 -165
3.8366687297821045 -11 -157
3.8431105613708496 -12 -148
3.8497824668884277 -13 -141
3.8565258979797363 -13 -125
3.8629539012908936 -14 -117
3.8697054386138916 -15 -89
3.8765203952789307 -15 -80
3.882969617843628 -15 -71
3.8904662132263184 -16 -71
3.897615671157837 -16 -71
3.9049770832061768 -16 -52
3.911008358001709 -16 -25
3.9177334308624268 -16 -25
3.924647092819214 -16 -25
3.9381165504455566 -15 19
3.9454598426818848 -14 47
3.951491355895996 -14 47
3.959705352783203 -13 81
3.9746036529541016 -12 83
3.980616331100464 -11 106
3.988499641418457 -10 124
3.9955966472625732 -8 135
4.001621246337891 -7 146
4.008406162261963 -6 154
4.0156590938568115 -5 164
4.021688222885132 -4 173
4.028491258621216 -3 185
4.035742282867432 -1 190
4.043039798736572 0 191
4.0497472286224365 2 190
4.056516885757446 3 197
4.062928676605225 4 198
4.069700479507446 6 202
4.07663631439209 7 201
4.083055019378662 8 196
4.090576410293579 9 186
4.09753942489624 11 185
4.104488134384155 12 177
4.110581636428833 13 171
4.117563962936401 14 164
4.124487400054932 15 152
4.130519151687622 16 146
4.138613700866699 16 133
4.145730257034302 17 125
4.151726722717285 18 118
4.158548355102539 18 95
4.165931940078735 19 83
4.171865940093994 19 68
4.178695917129517 19 68
4.185918807983398 19 68
4.194002151489258 19 68
4.20135235786438 19 68
4.208019971847534 19 17
4.2152063846588135 19 17
4.2212347984313965 18 0
4.227939605712891 18 -15
4.23516321182251 17 -33
4.241978883743286 17 -77
4.248672723770142 16 -88
4.256007432937622 15 -99
4.26201868057251 14 -92
4.26869535446167 14 -112
4.2757651805877686 12 -127
4.281773805618286 11 -145
4.288594722747803 10 -154
4.29692816734314 9 -163
4.303072690963745 8 -167
4.309727430343628 6 -178
4.316668272018433 5 -187
4.323061943054199 4 -193
4.33459210395813 1 -196
4.344386100769043 0 -196
4.350409269332886 -2 -199
4.3575897216796875 -3 -200
4.364651203155518 -4 -200
4.370659589767456 -6 -197
4.377826690673828 -7 -193
4.385016918182373 -8 -184
4.391071796417236 -9 -172
4.398627758026123 -10 -164
4.405883312225342 -11 -161
4.41179084777832 -12 -154
4.4186015129089355 -13 -148
4.425973176956177 -14 -133
4.4318177700042725 -14 -123
4.439179420471191 -15 -98
4.446980714797974 -16 -88
4.4535605907440186 -16 -78
4.459856271743774 -16 -78
4.466923713684082 -16 -78
4.473076581954956 -17 -51
4.479769468307495 -16 -26
4.486550807952881 -16 -26
4.494646072387695 -16 -26
4.5009605884552 -16 0
4.507683277130127 -15 18
4.514624357223511 -15 48
4.520625352859497 -14 46
4.527627944946289 -14 71
4.534552335739136 -13 94
4.540597438812256 -12 87
4.548443555831909 -11 108
4.555763244628906 -10 115
4.561737775802612 -9 136
4.5754311084747314 -7 154
4.581511974334717 -6 167
4.588205099105835 -5 171
4.596102714538574 -3 184
4.6022984981536865 -2 186
4.6092212200164795 -1 194
4.616177558898926 1 195
4.622321128845215 2 196
4.629199028015137 3 199
4.6359593868255615 5 203
4.641828536987305 6 200
4.649847507476807 8 202
4.656636476516724 9 193
4.663019895553589 10 192
4.669719457626343 11 187
4.676667213439941 12 176
4.68400502204895 14 174
4.689954042434692 14 162
4.697777509689331 16 151
4.70468282699585 16 146
4.7106897830963135 17 134
4.717634439468384 18 122
4.724564790725708 18 115
4.7362329959869385 19 88
4.744649648666382 19 73
4.751587390899658 20 62
4.758622646331787 20 62
4.766010046005249 20 62
4.771973371505737 20 62
4.778662204742432 19 18
4.785747766494751 19 18
4.791787624359131 19 0
4.799937725067139 18 -37
4.80696177482605 18 -37
4.814034938812256 17 -73
4.819982528686523 16 -85
4.827169895172119 16 -75
4.834111928939819 15 -99
4.840049743652344 14 -108
4.847149133682251 13 -124
4.8552610874176025 12 -143
4.861255884170532 11 -154
4.8679633140563965 9 -162
4.8751678466796875 8 -172
4.881142616271973 7 -176
4.887895107269287 6 -183
4.895159721374512 4 -193
4.901860237121582 3 -197
4.908641815185547 2 -198
4.916025400161743 0 -197
4.922002792358398 -1 -199
4.928679466247559 -2 -199
4.935758113861084 -4 -202
4.941767930984497 -5 -195
4.949168920516968 -6 -189
4.957646608352661 -8 -180
4.9645984172821045 -9 -171
4.970619440078735 -10 -166
4.977786064147949 -11 -163
4.985001802444458 -12 -149
4.991009712219238 -13 -144
4.9977500438690186 -13 -127
