0 0 0
0.006682634353637695 0 2
0.022411108016967773 0 2
0.028332948684692383 1 6
0.0352327823638916 1 13
0.04254031181335449 2 58
0.04852938652038574 3 90
0.055243492126464844 4 80
0.06327009201049805 5 108
0.06917381286621094 6 138
0.0758965015411377 7 148
0.08322501182556152 8 155
0.08907532691955566 9 170
0.09583783149719238 10 174
0.10294055938720703 12 183
0.10995626449584961 13 188
0.11694574356079102 15 197
0.12375116348266602 16 193
0.12995147705078125 17 197
0.13694119453430176 19 195
0.14385533332824707 20 201
0.15002918243408203 21 199
0.15699076652526855 23 204
0.16486382484436035 24 203
0.17179489135742188 25 203
0.17784881591796875 27 206
0.18549418449401855 28 201
0.19261550903320312 29 204
0.1985795497894287 31 202
0.2054603099822998 32 203
0.21340107917785645 34 203
0.21955633163452148 35 199
0.22638344764709473 36 195
0.23326563835144043 38 192
0.23913836479187012 39 192
0.24593806266784668 40 191
0.2530786991119385 42 188
0.2591090202331543 43 187
0.2672593593597412 44 181
0.2742936611175537 45 180
0.280444860458374 47 178
0.28713059425354004 48 172
0.29433703422546387 49 172
0.3008716106414795 50 167
0.307218074798584 51 164
0.3150508403778076 52 165
0.32239532470703125 53 160
0.3284111022949219 54 158
0.33517980575561523 55 154
0.3423454761505127 56 150
0.3483574390411377 57 150
0.3583803176879883 58 143
0.36600208282470703 59 140
0.37322449684143066 60 137
0.379183292388916 61 130
0.38648366928100586 62 124
0.39328718185424805 63 123
0.39917659759521484 63 120
0.4059619903564453 64 117
0.4218018054962158 66 95
0.4279155731201172 66 96
0.4350728988647461 67 94
0.4425179958343506 67 87
0.4484901428222656 68 78
0.4553234577178955 68 73
0.46248960494995117 69 73
0.46964001655578613 69 71
0.4765334129333496 70 63
0.4833340644836426 70 63
0.48920488357543945 70 58
0.4959716796875 70 50
0.5033609867095947 71 50
0.50929856300354 71 50
0.5172429084777832 71 40
0.5243074893951416 71 40
0.5307838916778564 71 40
0.5370693206787109 71 40
0.5438358783721924 71 40
0.5504229068756104 71 40
0.5571675300598145 71 40
0.5643978118896484 71 16
0.5723469257354736 71 16
0.5783421993255615 71 16
0.5850956439971924 71 16
0.5919902324676514 71 16
0.5979914665222168 71 16
0.6084444522857666 71 4
0.616016149520874 71 4
0.6243469715118408 71 4
0.6308636665344238 71 4
0.6371946334838867 71 4
0.6442580223083496 70 -3
0.6504077911376953 70 -3
0.6571102142333984 70 -10
0.6638576984405518 70 -10
0.6718447208404541 69 -19
0.6779227256774902 69 -19
0.6851506233215332 69 -27
0.6923699378967285 68 -40
0.6983861923217773 68 -48
0.7052547931671143 68 -54
0.7124075889587402 67 -60
0.7191431522369385 67 -66
0.7259573936462402 66 -70
0.7332363128662109 65 -76
0.7391500473022461 65 -79
0.7464888095855713 64 -85
0.753380537033081 64 -88
0.7593581676483154 63 -95
0.7663657665252686 62 -92
0.7742824554443359 61 -99
0.7808620929718018 61 -101
0.7872023582458496 60 -108
0.7942917346954346 59 -113
0.801337480545044 58 -116
0.8072752952575684 57 -124
0.8220055103302002 55 -130
0.8282773494720459 54 -136
0.8351840972900391 53 -140
0.842529296875 52 -143
0.848508358001709 51 -150
0.8552782535552979 50 -153
0.8626341819763184 49 -158
0.8687069416046143 48 -157
0.8766465187072754 47 -162
0.8834691047668457 46 -162
0.8896300792694092 45 -170
0.8965682983398438 44 -170
0.9033536911010742 42 -174
0.9093277454376221 41 -177
0.9163236618041992 40 -176
0.9243624210357666 38 -180
0.9312951564788818 37 -187
0.937241792678833 36 -193
0.9445004463195801 35 -194
0.9514439105987549 33 -194
0.9574017524719238 32 -196
0.9644777774810791 31 -199
0.9714608192443848 29 -203
0.9785709381103516 27 -205
0.985429048538208 26 -208
0.9926173686981201 25 -211
0.9986047744750977 23 -209
1.0053508281707764 22 -213
1.0125303268432617 20 -216
1.018526554107666 19 -216
1.0265250205993652 17 -218
1.0333406925201416 15 -217
1.039299726486206 14 -222
1.0465846061706543 13 -224
1.0533933639526367 11 -223
1.059554100036621 10 -226
1.0663845539093018 8 -222
1.073390007019043 7 -222
1.0812873840332031 5 -228
1.0872232913970947 3 -222
1.0942866802215576 2 -222
1.1012871265411377 0 -222
1.1072099208831787 -1 -220
1.113990068435669 -2 -222
1.1204216480255127 -4 -223
1.1282479763031006 -6 -224
1.1350398063659668 -7 -223
1.1419849395751953 -9 -226
1.1479640007019043 -10 -226
1.1550185680389404 -12 -225
1.1623151302337646 -13 -228
1.1683063507080078 -15 -222
1.1750667095184326 -16 -227
1.183053970336914 -18 -223
1.190004587173462 -20 -224
1.1969802379608154 -21 -225
1.2039604187011719 -23 -224
1.2135393619537354 -26 -218
1.2288970947265625 -28 -215
1.2359216213226318 -29 -211
1.2433104515075684 -31 -210
1.2492003440856934 -32 -209
1.2564940452575684 -34 -207
1.2632739543914795 -35 -206
1.2693023681640625 -36 -205
1.2760131359100342 -38 -201
1.2844221591949463 -39 -199
1.2913446426391602 -41 -194
1.297304391860962 -42 -189
1.3043935298919678 -43 -186
1.3112866878509521 -44 -186
1.3172407150268555 -46 -185
1.3243064880371094 -47 -181
1.3324534893035889 -48 -180
1.3384883403778076 -49 -176
1.3453614711761475 -50 -171
1.352579116821289 -51 -167
1.3585965633392334 -53 -162
1.365328311920166 -54 -160
1.372516393661499 -55 -158
1.3785359859466553 -56 -156
1.3865232467651367 -57 -155
1.3933513164520264 -58 -147
1.3993031978607178 -59 -144
1.406567096710205 -59 -139
1.413358211517334 -60 -137
1.4195725917816162 -61 -134
1.4264805316925049 -62 -130
1.4343063831329346 -63 -126
1.440835952758789 -64 -124
1.4471659660339355 -64 -118
1.4542748928070068 -65 -115
1.4613265991210938 -66 -110
1.4672718048095703 -66 -96
1.4743075370788574 -67 -92
1.4819457530975342 -68 -90
1.4879941940307617 -68 -88
1.4949443340301514 -69 -81
1.5018882751464844 -69 -77
1.507918357849121 -69 -72
1.5149157047271729 -70 -72
1.5219898223876953 -70 -67
1.5279896259307861 -71 -62
1.5358681678771973 -71 -54
1.542989730834961 -71 -54
1.5489835739135742 -71 -54
1.5557804107666016 -72 -45
1.5628902912139893 -72 -45
1.5688979625701904 -72 -45
1.5757215023040771 -72 -45
1.58384370803833 -72 -45
1.5908253192901611 -72 -45
1.5971035957336426 -72 -45
1.6038846969604492 -72 -17
1.6102664470672607 -72 -17
1.6216883659362793 -72 -17
1.6308581829071045 -72 -17
1.6379964351654053 -72 -17
1.6452844142913818 -72 -17
1.6525912284851074 -72 -7
1.6585803031921387 -71 0
1.6652543544769287 -71 0
1.676018238067627 -71 0
1.6831135749816895 -71 0
1.6991746425628662 -71 7
1.714763879776001 -70 14
1.7275593280792236 -70 27
1.742887020111084 -69 39
1.7559897899627686 -68 53
1.7724697589874268 -67 63
1.7854328155517578 -66 75
1.7979981899261475 -65 84
1.8093562126159668 -64 89
1.8160195350646973 -63 94
1.8233654499053955 -62 92
1.8292968273162842 -62 99
1.8359942436218262 -61 104
1.843097448348999 -60 111
1.849123477935791 -59 122
1.8671584129333496 -57 128
1.8790147304534912 -55 135
1.8868272304534912 -54 137
1.8936266899108887 -53 144
1.899841070175171 -52 147
1.9075157642364502 -51 151
1.9145793914794922 -50 154
1.9215044975280762 -49 157
1.927436113357544 -48 162
1.9345054626464844 -47 166
1.9415934085845947 -45 172
1.9475009441375732 -44 175
1.954578161239624 -43 178
1.9625368118286133 -42 180
1.9685156345367432 -40 186
1.9752874374389648 -39 188
1.982682466506958 -38 193
1.988694667816162 -36 190
1.9954020977020264 -35 195
2.004260540008545 -33 195
2.011906385421753 -32 198
2.0245676040649414 -29 203
2.0316615104675293 -28 204
2.037554979324341 -26 211
2.044807195663452 -25 206
2.051863670349121 -23 213
2.057905912399292 -22 215
2.0657951831817627 -20 213
2.0729167461395264 -19 217
2.0789239406585693 -17 217
2.0857508182525635 -16 218
2.092864751815796 -14 222
2.0989081859588623 -13 224
2.105748414993286 -11 223
2.1137871742248535 -10 225
2.1203622817993164 -8 224
2.1270458698272705 -7 224
2.133836269378662 -5 223
2.1400146484375 -3 222
2.146980047225952 -2 223
2.1537506580352783 -1 224
2.159980535507202 1 227
2.16772723197937 2 224
2.1746339797973633 4 224
2.181647300720215 6 222
2.188551187515259 7 223
2.1952438354492188 9 227
2.202404499053955 10 223
2.208435535430908 11 225
2.2163236141204834 13 222
2.223238706588745 15 224
2.229132652282715 16 223
2.2359278202056885 18 223
2.2433106899261475 19 222
2.2491655349731445 21 221
2.2560060024261475 22 218
2.263988971710205 24 218
2.276933193206787 27 215
2.283787965774536 28 215
2.2899701595306396 30 213
2.2969605922698975 31 212
2.3038551807403564 32 207
2.310335159301758 34 210
2.317868709564209 35 205
2.3248565196990967 37 202
2.3317766189575195 38 193
2.3378515243530273 39 194
2.3448920249938965 41 190
2.3518614768981934 42 187
2.3579037189483643 43 186
2.3659143447875977 44 184
2.373302459716797 46 179
2.379167318344116 47 177
2.385965347290039 48 171
2.3930766582489014 49 171
2.3991246223449707 50 169
2.4059510231018066 51 169
2.413069248199463 52 160
2.4269235134124756 54 158
2.433854341506958 55 149
2.440843105316162 56 150
2.4471817016601562 57 147
2.454422950744629 58 141
2.4614474773406982 59 140
2.468395471572876 60 136
2.47509765625 61 133
2.482360363006592 61 124
2.4884090423583984 62 123
2.4951393604278564 63 122
2.5024685859680176 64 113
2.5084481239318848 64 110
2.5152077674865723 65 107
2.5233020782470703 66 98
2.5293216705322266 66 90
2.535982370376587 67 84
2.543300151824951 67 80
2.54919695854187 68 77
2.555950403213501 68 75
2.5630698204040527 69 71
2.5703282356262207 69 62
2.577031373977661 69 62
2.5838119983673096 70 56
2.5899930000305176 70 56
2.596937894821167 70 48
2.6038661003112793 70 48
2.6103179454803467 70 48
2.617050886154175 71 38
2.624842405319214 71 38
2.6318881511688232 71 38
2.6379239559173584 71 38
2.6449105739593506 71 38
2.651813507080078 71 38
2.6578614711761475 71 38
2.6650264263153076 71 16
2.672966957092285 71 16
2.6789844036102295 71 16
2.6859428882598877 71 16
2.693071126937866 71 16
2.699091911315918 71 16
2.7059757709503174 71 16
2.713066816329956 71 7
2.719080924987793 70 0
2.7271950244903564 70 0
2.73398756980896 70 0
2.7403783798217773 70 0
2.7470552921295166 70 0
2.753816843032837 70 -7
2.7604339122772217 70 -7
2.7671236991882324 69 -14
2.7749183177948 69 -14
2.7823119163513184 69 -30
2.7883636951446533 69 -29
2.795103073120117 68 -46
2.802011489868164 68 -54
2.808013439178467 67 -54
2.8149755001068115 67 -60
2.828376054763794 66 -76
2.8352696895599365 65 -80
2.842674732208252 64 -85
2.8487155437469482 64 -91
2.8555703163146973 63 -95
2.862783432006836 62 -99
2.8688061237335205 62 -97
2.876847267150879 61 -101
2.883605480194092 60 -108
2.8899452686309814 59 -114
2.8969693183898926 58 -117
2.9039831161499023 57 -123
2.910919427871704 56 -128
2.917240619659424 55 -131
2.92504620552063 54 -137
2.9319522380828857 53 -141
2.9379820823669434 53 -145
2.944964647293091 51 -149
2.9518911838531494 50 -152
2.9579625129699707 49 -154
2.9651293754577637 48 -158
2.9723386764526367 47 -162
2.9791653156280518 46 -169
2.9859657287597656 45 -169
2.9930803775787354 43 -172
2.999138832092285 42 -172
3.005953311920166 41 -175
3.0130679607391357 40 -181
3.0191309452056885 39 -184
3.0273516178131104 37 -188
3.0344479084014893 36 -191
3.041329860687256 34 -195
3.047243356704712 33 -197
3.054267168045044 32 -199
3.0608482360839844 30 -201
3.0672032833099365 29 -204
3.074000835418701 28 -207
3.0823233127593994 26 -207
3.0883710384368896 25 -210
3.0951318740844727 23 -211
3.102266311645508 22 -212
3.108309030532837 20 -215
3.115042209625244 19 -216
3.122009754180908 17 -218
3.1290645599365234 15 -218
3.135896682739258 14 -221
3.1432745456695557 12 -222
3.1492013931274414 11 -222
3.1565678119659424 10 -223
3.163361072540283 8 -221
3.1693108081817627 7 -221
3.175987958908081 5 -224
3.184951066970825 3 -223
3.191836357116699 2 -224
3.1978671550750732 0 -223
3.2049593925476074 -1 -222
3.2119393348693848 -3 -225
3.217942237854004 -6 -225
3.2329397201538086 -8 -227
3.2390341758728027 -9 -224
3.2460060119628906 -11 -227
3.2533552646636963 -12 -224
3.259312629699707 -14 -227
3.2665822505950928 -15 -227
3.2733967304229736 -17 -224
3.281479835510254 -19 -228
3.2874395847320557 -20 -222
3.2945361137390137 -21 -226
3.301438331604004 -23 -222
3.3073740005493164 -24 -214
3.314450979232788 -26 -219
3.3215253353118896 -27 -211
3.327510356903076 -29 -211
3.3353371620178223 -30 -210
3.3425960540771484 -31 -206
3.348621368408203 -33 -208
3.3553216457366943 -34 -205
3.362537384033203 -35 -203
3.368528127670288 -37 -197
3.375282049179077 -38 -200
3.3834376335144043 -40 -198
3.3896288871765137 -41 -195
3.3965370655059814 -42 -188
3.4033169746398926 -44 -185
3.409294366836548 -45 -181
3.4166061878204346 -46 -185
3.4233651161193848 -47 -182
3.429586410522461 -49 -176
3.437286376953125 -50 -172
3.4445254802703857 -51 -169
3.451455593109131 -52 -165
3.4574027061462402 -53 -163
3.4644386768341064 -54 -159
3.4713730812072754 -55 -154
3.477339744567871 -56 -153
3.4852302074432373 -57 -148
3.4924871921539307 -58 -146
3.4985005855560303 -59 -144
3.505335807800293 -60 -136
3.5125234127044678 -61 -136
3.5185463428497314 -61 -128
3.5252904891967773 -62 -124
3.5324621200561523 -63 -121
3.539314031600952 -64 -118
3.5465574264526367 -64 -113
3.553889274597168 -65 -109
3.5613207817077637 -66 -107
3.5672943592071533 -67 -95
3.5745391845703125 -67 -92
3.5816352367401123 -68 -86
3.58870792388916 -68 -84
3.5954604148864746 -69 -80
3.602712631225586 -69 -74
3.6087260246276855 -70 -69
3.615435838699341 -70 -63
3.628387928009033 -71 -56
3.6365931034088135 -71 -56
3.6435091495513916 -71 -49
3.6498067378997803 -71 -49
3.656735897064209 -71 -49
3.663469076156616 -72 -39
3.6697609424591064 -72 -39
3.6766066551208496 -72 -39
3.683664321899414 -72 -39
3.6916251182556152 -72 -39
3.697509765625 -72 -39
3.7045321464538574 -72 -39
3.711627244949341 -72 -16
3.7175605297088623 -72 -16
3.7245893478393555 -72 -16
3.731475591659546 -72 -16
3.7384538650512695 -71 -4
3.7453255653381348 -71 -4
3.7524945735931396 -71 -4
3.7584939002990723 -71 -4
3.765219211578369 -71 -4
3.772371768951416 -71 -4
3.7784006595611572 -71 -4
3.785134792327881 -71 3
3.793123483657837 -71 3
3.799075126647949 -71 3
3.806356430053711 -70 10
3.8132455348968506 -70 10
3.8191421031951904 -70 19
3.825955390930176 -69 23
3.833036422729492 -69 23
3.8403995037078857 -68 50
3.8470940589904785 -68 50
3.8538410663604736 -68 56
3.8604471683502197 -67 61
3.8671774864196777 -67 67
3.8739871978759766 -66 70
3.8803958892822266 -65 80
3.887103796005249 -65 84
3.894946575164795 -64 89
3.901902914047241 -64 95
3.9079244136810303 -63 91
3.9148874282836914 -62 96
3.921996593475342 -61 102
3.928255319595337 -61 109
3.9351892471313477 -60 112
3.9431235790252686 -59 117
3.9491236209869385 -58 121
3.955940008163452 -57 127
3.963066577911377 -56 130
3.9690685272216797 -55 135
3.975867748260498 -54 139
3.9832823276519775 -53 145
3.9891767501831055 -52 150
3.997079849243164 -51 152
4.0038697719573975 -50 155
4.010313034057617 -49 156
4.017058372497559 -48 159
4.029926061630249 -45 171
4.036877870559692 -44 172
4.04495644569397 -43 178
4.0522706508636475 -42 179
4.05825400352478 -40 179
4.065171718597412 -39 184
4.07235312461853 -38 189
4.078354358673096 -37 188
4.0850770473480225 -35 191
4.091970682144165 -33 194
4.098883628845215 -32 197
4.105871677398682 -31 199
4.112981796264648 -29 202
4.119019985198975 -28 204
4.125889778137207 -27 205
4.133036851882935 -25 204
4.139054298400879 -24 209
4.147092342376709 -22 209
4.153884172439575 -21 215
4.16082501411438 -19 216
4.167194604873657 -18 219
4.1739821434021 -17 219
4.180405616760254 -15 221
4.187851905822754 -13 221
4.202928304672241 -10 223
4.208959579467773 -8 226
4.2157652378082275 -7 227
4.2230730056762695 -5 225
4.229061603546143 -4 225
4.235841751098633 -3 224
4.242946624755859 -1 224
4.250261068344116 1 225
4.256981372833252 2 223
4.263733148574829 4 225
4.269896745681763 5 222
4.278331518173218 7 225
4.285218715667725 9 225
4.292346239089966 10 223
4.2991557121276855 12 224
4.3059351444244385 13 226
4.313065767288208 15 226
4.319119453430176 16 224
4.32637619972229 18 222
4.333256721496582 19 221
4.339137315750122 21 219
4.34726881980896 22 218
4.3542962074279785 24 218
4.36085057258606 25 216
4.367187738418579 27 215
4.374006032943726 28 214
4.3804099559783936 30 214
4.387089490890503 31 215
4.393852233886719 32 209
4.402310132980347 34 211
4.408319473266602 35 205
4.4150614738464355 37 201
4.421989679336548 39 196
4.434999465942383 41 196
4.442363739013672 42 195
4.449157953262329 43 190
4.456602096557617 44 186
4.463611364364624 46 178
4.469817638397217 47 181
4.476863384246826 48 174
4.4836342334747314 49 171
4.496595144271851 51 166
4.504456043243408 52 165
4.51137638092041 54 160
4.517329692840576 54 158
4.524552822113037 55 154
4.531465768814087 57 151
4.53741979598999 57 148
4.544431447982788 58 147
4.5523905754089355 59 139
4.5584492683410645 60 138
4.565188646316528 61 133
4.572361946105957 62 128
4.578408479690552 63 123
4.585334062576294 63 122
4.5925068855285645 64 119
4.598507881164551 65 112
4.606015682220459 66 108
4.613265752792358 66 94
4.619181871414185 67 92
4.625942945480347 67 88
4.633063316345215 68 85
4.639070272445679 68 82
4.646006107330322 69 77
4.653927803039551 69 72
4.6603684425354 70 67
4.667059421539307 70 62
4.673863887786865 70 62
4.680333614349365 71 58
4.6870505809783936 71 58
4.693821907043457 71 51
4.700435638427734 71 51
4.7078468799591064 71 51
4.715045213699341 72 38
4.72191309928894 72 38
4.72791314125061 72 38
4.734899997711182 71 14
4.7418601512908936 71 14
4.747903347015381 71 14
4.755784749984741 71 14
4.763085126876831 71 14
4.769098997116089 71 14
4.775946855545044 71 14
4.783073425292969 71 14
4.789088249206543 71 4
4.79591178894043 71 -4
4.80305027961731 71 -4
4.810391426086426 71 -4
4.8171067237854 71 -4
4.828588247299194 70 -12
4.836825609207153 70 -12
4.843847036361694 70 -13
4.850875377655029 70 -13
4.8583033084869385 69 -28
4.865198850631714 69 -28
4.872395277023315 69 -26
4.878422737121582 68 -39
4.885327577590942 68 -47
4.8925347328186035 68 -53
4.898566007614136 67 -59
4.906659364700317 67 -59
4.91344690322876 66 -70
4.9196107387542725 66 -74
4.926392078399658 65 -78
4.93324613571167 64 -83
4.939173221588135 64 -86
4.946483612060547 63 -94
4.953299045562744 62 -97
4.960817813873291 61 -96
4.967222690582275 61 -99
4.974443197250366 60 -106
4.9813923835754395 59 -109
4.987333297729492 58 -115
4.99444055557251 58 -119
