0 0 0
0.006115436553955078 0 0
0.012957572937011719 0 2
0.01985335350036621 0 2
0.026055335998535156 1 6
0.03290724754333496 1 14
0.039846181869506836 2 34
0.047238826751708984 3 91
0.05357789993286133 3 28
0.06036567687988281 4 109
0.06672883033752441 5 122
0.07340240478515625 6 138
0.08012843132019043 7 153
0.08636164665222168 9 159
0.0932924747467041 10 166
0.10117459297180176 11 175
0.10820388793945312 13 181
0.11430478096008301 14 184
0.12127280235290527 15 186
0.12820672988891602 16 184
0.1351029872894287 18 187
0.1418159008026123 19 187
0.14985918998718262 20 187
0.1561579704284668 21 190
0.16308951377868652 23 187
0.16988062858581543 24 182
0.17615127563476562 25 178
0.1830737590789795 26 174
0.18987655639648438 27 172
0.19604969024658203 28 169
0.20370197296142578 30 167
0.2108016014099121 31 161
0.21789002418518066 32 155
0.22382164001464844 33 149
0.23083019256591797 33 144
0.23793506622314453 34 138
0.24390840530395508 35 135
0.25176143646240234 36 128
0.2589120864868164 37 124
0.26494526863098145 37 114
0.2737143039703369 38 108
0.28220558166503906 39 98
0.29015350341796875 40 91
0.29639697074890137 40 82
0.30428147315979004 41 73
0.31128859519958496 41 73
0.31823062896728516 41 64
0.32430434226989746 42 55
0.33130574226379395 42 55
0.3383800983428955 42 55
0.34439873695373535 42 55
0.3522186279296875 42 55
0.35936903953552246 42 55
0.36539602279663086 42 55
0.3723716735839844 42 19
0.37947845458984375 42 19
0.385542631149292 42 19
0.3993263244628906 41 5
0.4071800708770752 41 5
0.41356825828552246 41 -4
0.4208033084869385 41 -4
0.4278724193572998 40 -14
0.43379807472229004 40 -33
0.4409010410308838 40 -46
0.44781994819641113 39 -56
0.4548530578613281 38 -65
0.46172022819519043 38 -71
0.4689512252807617 37 -78
0.4760091304779053 36 -90
0.4836888313293457 36 -94
0.4907543659210205 35 -93
0.4978954792022705 34 -103
0.504920244216919 33 -113
0.5116889476776123 32 -118
0.5190520286560059 32 -126
0.5250499248504639 30 -132
0.5318963527679443 29 -140
0.5390636920928955 29 -146
0.5450899600982666 27 -154
0.5518507957458496 26 -161
0.5599796772003174 25 -165
0.5661811828613281 24 -169
0.5731556415557861 22 -175
0.5800879001617432 21 -181
0.5863161087036133 20 -186
0.5933313369750977 19 -189
0.6001372337341309 17 -196
0.6080806255340576 16 -199
0.6140766143798828 15 -198
0.6210808753967285 13 -202
0.6282329559326172 12 -206
0.6342818737030029 10 -210
0.6414327621459961 9 -212
0.6483349800109863 7 -215
0.6543436050415039 6 -215
0.6621296405792236 4 -220
0.6692166328430176 2 -219
0.6752347946166992 1 -222
0.6820712089538574 0 -219
0.6891729831695557 -2 -220
0.6951971054077148 -3 -221
0.702176570892334 -5 -218
0.7100656032562256 -6 -222
0.7162675857543945 -8 -217
0.723238468170166 -9 -216
0.7300217151641846 -11 -218
0.7362480163574219 -12 -216
0.743321418762207 -14 -217
0.7501277923583984 -15 -216
0.758169412612915 -17 -212
0.7642719745635986 -18 -211
0.7712697982788086 -20 -207
0.7782201766967773 -21 -205
0.7842886447906494 -22 -204
0.791276216506958 -24 -194
0.8041350841522217 -26 -189
0.8122639656066895 -27 -185
0.8197815418243408 -29 -181
0.8260767459869385 -30 -177
0.83304762840271 -31 -173
0.8398191928863525 -32 -166
0.8460068702697754 -33 -161
0.852952241897583 -34 -156
0.86081862449646 -35 -150
0.8677735328674316 -36 -146
0.8737573623657227 -37 -138
0.8810083866119385 -37 -128
0.8881399631500244 -38 -120
0.8942558765411377 -39 -115
0.9012711048126221 -40 -110
0.9082496166229248 -40 -99
0.9153454303741455 -41 -89
0.9221901893615723 -41 -89
0.929302453994751 -42 -80
0.9353716373443604 -42 -73
0.9423394203186035 -43 -66
0.9494588375091553 -43 -66
0.9554855823516846 -43 -55
0.9634726047515869 -43 -55
0.9702656269073486 -43 -55
0.9767038822174072 -43 -55
0.9834480285644531 -43 -55
0.9902446269989014 -43 -55
0.9972677230834961 -43 -55
1.003610372543335 -43 -19
1.010676622390747 -43 -19
1.018907070159912 -43 -19
1.0249221324920654 -43 -19
1.031651258468628 -43 -5
1.038863182067871 -43 -5
1.0448622703552246 -42 5
1.0515713691711426 -42 15
1.0589275360107422 -42 36
1.0660605430603027 -41 51
1.0729796886444092 -41 51
1.0797579288482666 -40 57
1.0859010219573975 -40 72
1.092714786529541 -39 78
1.0996782779693604 -38 85
1.1055541038513184 -38 94
1.1133852005004883 -37 88
1.1206231117248535 -36 99
1.1271519660949707 -35 109
1.134305477142334 -34 117
1.1422734260559082 -33 124
1.1514365673065186 -32 131
1.1594223976135254 -31 139
1.1667468547821045 -29 146
1.1734883785247803 -29 151
1.180635690689087 -28 157
1.186812400817871 -26 162
1.1989521980285645 -24 180
1.2066874504089355 -23 181
1.2134346961975098 -21 184
1.2214961051940918 -20 187
1.2287664413452148 -19 198
1.234740972518921 -17 197
1.2416186332702637 -16 201
1.2488210201263428 -14 202
1.25480318069458 -13 205
1.2615206241607666 -11 208
1.2694499492645264 -10 211
1.2754955291748047 -9 212
1.2827324867248535 -7 217
1.2896091938018799 -6 214
1.295461654663086 -4 215
1.302729845046997 -3 216
1.309624195098877 -1 217
1.3167765140533447 1 224
1.3234610557556152 2 219
1.3302128314971924 3 222
1.3366725444793701 5 220
1.3433830738067627 6 219
1.3501298427581787 8 224
1.3567073345184326 9 222
1.3633956909179688 11 219
1.371272087097168 13 220
1.3781976699829102 14 215
1.3842787742614746 15 216
1.3912620544433594 17 216
1.3982253074645996 18 210
1.4043023586273193 19 206
1.411478042602539 21 199
1.419628620147705 22 198
1.4256775379180908 23 193
1.4323623180389404 25 191
1.4394257068634033 26 185
1.445434808731079 27 181
1.4522359371185303 28 174
1.4593980312347412 30 172
1.4654419422149658 31 169
1.4733638763427734 32 164
1.4803249835968018 33 156
1.4867959022521973 34 148
1.4934632778167725 35 141
1.5002176761627197 35 137
1.506669044494629 36 133
1.5134108066558838 37 133
1.5212993621826172 38 121
1.528214693069458 38 113
1.534259557723999 39 99
1.541428804397583 40 90
1.5483512878417969 40 84
1.554323673248291 40 76
1.5613019466400146 41 76
1.5682182312011719 41 69
1.575249433517456 42 63
1.5819528102874756 42 63
1.589128017425537 42 63
1.6010208129882812 42 47
1.609121322631836 42 47
1.6151177883148193 42 47
1.623274803161621 42 47
1.6303315162658691 42 47
1.6371736526489258 42 47
1.6435601711273193 42 17
1.6506235599517822 42 17
1.65767240524292 42 5
1.6636126041412354 42 5
1.6708095073699951 41 -5
1.6787700653076172 41 -5
1.6848013401031494 41 -16
1.6915514469146729 40 -39
1.6987426280975342 40 -44
1.7047443389892578 40 -56
1.7114925384521484 39 -64
1.718897819519043 39 -72
1.7259249687194824 38 -78
1.732837438583374 37 -84
1.739640235900879 36 -96
1.7455358505249023 36 -87
1.7523136138916016 35 -99
1.7594408988952637 34 -105
1.7654554843902588 33 -119
1.7722458839416504 32 -128
1.7806506156921387 31 -131
1.7872426509857178 30 -137
1.793555736541748 29 -145
1.8007841110229492 28 -150
1.807708501815796 27 -158
1.813697338104248 26 -163
1.8207659721374512 25 -169
1.8287878036499023 23 -173
1.834787130355835 22 -179
1.8416903018951416 21 -185
1.848907232284546 20 -190
1.854891300201416 18 -194
1.8616256713867188 17 -196
1.8688223361968994 16 -198
1.8756928443908691 14 -201
1.8824009895324707 13 -207
1.8894667625427246 11 -207
1.8954699039459229 10 -215
1.9027061462402344 8 -214
1.909621000289917 7 -215
1.915450096130371 5 -216
1.9222095012664795 4 -217
1.9302806854248047 2 -219
1.9367079734802246 0 -220
1.9433643817901611 -1 -222
1.9501616954803467 -2 -220
1.9567759037017822 -4 -223
1.9634692668914795 -5 -221
1.9702508449554443 -7 -219
1.9781389236450195 -8 -220
1.9842054843902588 -10 -219
1.9923748970031738 -11 -217
2.005295515060425 -14 -215
2.012275457382202 -16 -213
2.0197272300720215 -17 -212
2.0260655879974365 -19 -210
2.033778190612793 -20 -207
2.0407943725585938 -21 -204
2.0477030277252197 -23 -199
2.0536983013153076 -24 -193
2.0610122680664062 -25 -192
2.067904472351074 -27 -189
2.073826551437378 -28 -184
2.0819242000579834 -29 -178
2.089128255844116 -31 -170
2.0951805114746094 -31 -166
2.1018943786621094 -32 -161
2.1090219020843506 -33 -157
2.1150991916656494 -34 -148
2.1218314170837402 -35 -144
2.130349636077881 -36 -137
2.137683391571045 -37 -132
2.1436657905578613 -38 -123
2.1507046222686768 -38 -118
2.1572487354278564 -39 -114
2.1636221408843994 -40 -97
2.170666456222534 -40 -94
2.1833887100219727 -41 -85
2.190357208251953 -42 -74
2.1976544857025146 -42 -67
2.203616142272949 -42 -67
2.210361957550049 -43 -55
2.216804027557373 -43 -55
2.223465919494629 -43 -55
2.230217456817627 -43 -43
2.2381649017333984 -43 -43
2.2442266941070557 -43 -43
2.2512197494506836 -43 -43
2.2583372592926025 -43 -43
2.264397621154785 -43 -43
2.2713353633880615 -43 -12
2.278251886367798 -43 -12
2.2853827476501465 -42 0
2.292196273803711 -42 0
2.299330234527588 -42 11
2.3053781986236572 -42 24
2.312209129333496 -41 24
2.319657564163208 -41 39
2.32556414604187 -40 48
2.333510398864746 -40 58
2.34035587310791 -39 65
2.3467676639556885 -39 72
2.3534724712371826 -38 79
2.3602726459503174 -37 89
2.366706609725952 -37 96
2.3734309673309326 -36 94
2.380615711212158 -35 98
2.3882901668548584 -34 108
2.394346237182617 -33 123
2.4080417156219482 -31 133
2.4141032695770264 -31 139
2.4212796688079834 -29 142
2.428339719772339 -28 147
2.435431957244873 -27 157
2.4427173137664795 -26 162
2.449772357940674 -25 167
2.4559216499328613 -24 176
2.4626948833465576 -23 178
2.4696004390716553 -21 183
2.475507974624634 -20 187
2.4823005199432373 -19 194
2.4902262687683105 -17 199
2.4968106746673584 -15 200
2.503561496734619 -14 204
2.5106265544891357 -13 207
2.5167744159698486 -11 208
2.5234487056732178 -10 211
2.530216693878174 -9 213
2.538224697113037 -7 210
2.544267177581787 -6 213
2.5512678623199463 -4 214
2.558361530303955 -3 215
2.564359188079834 -1 218
2.5713226795196533 0 218
2.578373670578003 2 220
2.5843169689178467 4 225
2.5921263694763184 5 226
2.599213123321533 7 223
2.6052212715148926 8 224
2.6118924617767334 9 219
2.6192102432250977 11 218
2.6252691745758057 13 221
2.6321117877960205 14 218
2.640085220336914 15 217
2.646286964416504 17 213
2.6532866954803467 18 210
2.660104751586914 20 210
2.6663339138031006 21 206
2.6733176708221436 22 201
2.680234432220459 24 194
2.686718702316284 25 189
2.6942837238311768 26 190
2.7012763023376465 27 181
2.708364963531494 29 182
2.7143807411193848 30 176
2.7213401794433594 31 169
2.7283010482788086 32 163
2.734323263168335 33 155
2.7421979904174805 34 148
2.7493252754211426 35 145
2.755366802215576 36 141
2.7621688842773438 36 136
2.7692859172821045 37 128
2.7753710746765137 38 120
2.7822017669677734 39 117
2.790191650390625 39 107
2.797233819961548 40 92
2.8100883960723877 41 82
2.816673517227173 41 73
2.823408842086792 42 67
2.830369234085083 42 67
2.8372387886047363 42 58
2.8446712493896484 42 58
2.851411819458008 43 44
2.858745813369751 43 44
2.8647425174713135 43 44
2.871476650238037 43 44
2.87863826751709 43 15
2.8846259117126465 42 15
2.892307758331299 42 15
2.8994410037994385 42 15
2.9054534435272217 42 0
2.912221670150757 42 0
2.9194424152374268 41 -11
2.925565242767334 41 -11
2.932354688644409 41 -24
2.9394431114196777 41 -32
2.9471676349639893 40 -32
2.9535841941833496 40 -44
2.9606518745422363 39 -54
2.9677648544311523 39 -61
2.973745346069336 38 -74
2.981019973754883 38 -80
2.987912893295288 37 -86
2.994920253753662 36 -97
3.0016725063323975 35 -90
3.008837938308716 35 -102
3.014897108078003 34 -105
3.021646738052368 33 -115
3.0288054943084717 32 -123
3.0348641872406006 31 -130
3.041712522506714 30 -137
3.049813985824585 29 -144
3.0559723377227783 28 -149
3.062927007675171 27 -157
3.069683790206909 26 -161
3.075716018676758 25 -167
3.0826900005340576 23 -170
3.0896050930023193 22 -177
3.0977838039398193 21 -180
3.103781223297119 19 -189
3.1108579635620117 18 -191
3.117753505706787 17 -196
3.1243133544921875 15 -197
3.143749237060547 10 -212
3.1612648963928223 7 -213
3.178122043609619 2 -218
3.211344003677368 -5 -222
3.2288384437561035 -7 -220
3.2542154788970947 -13 -220
3.269864559173584 -17 -216
3.3036820888519287 -25 -206
3.3330492973327637 -29 -197
3.352193593978882 -34 -177
3.3653006553649902 -35 -173
3.3721420764923096 -36 -167
3.3793439865112305 -38 -158
3.385432004928589 -38 -151
3.392313241958618 -39 -145
3.4007837772369385 -40 -140
3.4077110290527344 -41 -135
3.4136621952056885 -42 -96
3.4411306381225586 -44 -81
3.459679365158081 -46 -71
3.4743480682373047 -46 -59
3.4822847843170166 -46 -59
3.4896600246429443 -47 -49
3.4955527782440186 -47 -49
3.5034308433532715 -47 -49
3.5102293491363525 -47 -49
3.51719069480896 -47 -49
3.5235254764556885 -47 -49
3.530308485031128 -47 -49
3.5367496013641357 -46 -12
3.5434587001800537 -46 -12
3.550239324569702 -46 0
3.5582051277160645 -46 0
3.5641942024230957 -45 11
3.571261405944824 -45 11
3.5783731937408447 -45 23
3.584373950958252 -44 41
3.591364622116089 -44 51
3.5983245372772217 -43 76
3.6116631031036377 -42 83
3.6191091537475586 -41 88
3.625149965286255 -41 99
3.632132053375244 -40 92
3.6394753456115723 -39 96
3.6454453468322754 -38 106
3.652310609817505 -37 118
3.6676998138427734 -35 130
3.6737027168273926 -34 138
3.680799722671509 -33 144
3.687699317932129 -32 149
3.6936380863189697 -31 160
3.700813055038452 -30 162
3.7106828689575195 -28 168
3.7172067165374756 -27 174
3.7235114574432373 -26 182
3.730333089828491 -25 191
3.7367262840270996 -23 189
3.7434542179107666 -22 195
3.7506213188171387 -21 199
3.758695125579834 -19 198
3.7646780014038086 -18 205
3.771466016769409 -16 208
3.778357982635498 -15 207
3.784330368041992 -13 209
3.7913002967834473 -12 213
3.798252582550049 -10 215
3.80428409576416 -9 215
3.812138319015503 -7 216
3.8194193840026855 -6 220
3.8254101276397705 -4 218
3.8323004245758057 -3 219
3.839411735534668 -1 222
3.8454151153564453 0 221
3.8522069454193115 1 221
3.8601572513580322 3 224
3.866379737854004 5 219
3.8733065128326416 6 224
3.880218267440796 8 220
3.886636257171631 9 217
3.8933987617492676 11 216
3.9001684188842773 12 211
3.9081027507781982 13 208
3.914147138595581 15 210
3.921204090118408 16 210
3.928107261657715 17 203
3.934143304824829 19 195
3.9413399696350098 20 191
3.948273181915283 21 191
3.9543418884277344 22 185
3.962122678756714 24 177
3.9692394733428955 25 170
3.9752817153930664 26 169
3.982154607772827 27 166
3.9892866611480713 28 159
3.995335817337036 29 156
4.010031461715698 31 141
4.016672849655151 32 136
4.0234315395355225 33 132
4.030373573303223 33 122
4.037680625915527 34 118
4.043623685836792 35 113
4.050668001174927 35 107
4.0577428340911865 36 89
4.064850568771362 36 81
4.071587800979614 37 77
4.078828573226929 37 70
4.08484673500061 37 70
4.09155011177063 38 61
4.098720550537109 38 61
4.104722261428833 38 61
4.112349987030029 38 61
4.119706869125366 38 36
4.125671625137329 38 36
4.1483564376831055 38 36
4.16385817527771 38 10
4.186399936676025 38 10
4.206116676330566 37 -8
4.224200487136841 36 -31
4.241918087005615 35 -72
4.261953830718994 33 -96
4.294079303741455 29 -125
4.323957204818726 25 -148
4.347193479537964 21 -161
4.3535637855529785 20 -170
4.360782623291016 19 -172
4.368758678436279 18 -180
4.374750137329102 16 -183
4.381484508514404 15 -189
4.388364791870117 14 -193
4.39434289932251 12 -197
4.40151047706604 10 -204
4.4147889614105225 8 -208
4.422976970672607 7 -209
4.429913520812988 5 -211
4.436155796051025 4 -214
4.443051099777222 2 -217
4.4497857093811035 1 -217
4.455938339233398 -1 -219
4.4627320766448975 -2 -218
4.470295429229736 -4 -220
4.4772326946258545 -6 -220
4.483591079711914 -7 -217
4.490689992904663 -8 -218
4.497234344482422 -10 -216
4.503591060638428 -11 -218
4.510644435882568 -13 -217
4.5182576179504395 -14 -215
4.524299383163452 -15 -213
4.5314555168151855 -17 -211
4.538776159286499 -18 -208
4.5448219776153564 -20 -206
4.5515735149383545 -21 -204
4.558722257614136 -22 -199
4.564751863479614 -24 -193
4.572309255599976 -25 -191
4.579433917999268 -27 -187
4.585450172424316 -28 -185
4.5922532081604 -29 -181
4.599660873413086 -30 -174
4.605531454086304 -31 -168
4.6123268604278564 -32 -160
4.627742528915405 -34 -150
4.641177177429199 -36 -139
4.653697967529297 -38 -126
4.66906213760376 -39 -122
4.682172536849976 -41 -97
4.697760581970215 -42 -82
4.712396860122681 -43 -72
4.7289721965789795 -43 -60
4.741835117340088 -44 -47
4.751821756362915 -44 -47
4.759000062942505 -44 -47
4.7649736404418945 -44 -47
4.771716833114624 -44 -47
4.7790868282318115 -44 -47
4.785141468048096 -44 -17
4.801734685897827 -43 -5
4.820276498794556 -43 5
4.828048944473267 -43 5
4.834049463272095 -42 16
4.84130334854126 -42 39
4.854913711547852 -41 58
4.861672401428223 -40 65
4.868857145309448 -40 74
4.874858617782593 -39 81
4.881584882736206 -38 94
4.8887810707092285 -38 98
4.894815444946289 -37 96
4.902855634689331 -36 107
4.909662246704102 -35 111
4.9156653881073 -34 121
4.922865390777588 -33 130
4.92971134185791 -32 140
4.935564041137695 -31 143
4.942340612411499 -30 149
4.949460506439209 -29 155
4.957146883010864 -28 165
4.963506460189819 -27 168
4.970343112945557 -25 176
4.9767539501190186 -24 175
4.983454465866089 -23 183
4.990233421325684 -22 188
4.996624708175659 -20 193
