0 0 0
0.0068323612213134766 0 0
0.01264333724975586 0 0
0.019483566284179688 0 2
0.026522397994995117 0 6
0.034348249435424805 1 13
0.04065513610839844 2 29
0.04746365547180176 2 99
0.0538477897644043 3 26
0.06059861183166504 4 97
0.06786966323852539 5 120
0.07475614547729492 6 129
0.08179569244384766 7 134
0.08855462074279785 8 135
0.09543061256408691 9 135
0.10143399238586426 9 130
0.10837602615356445 10 129
0.11534285545349121 11 122
0.12140583992004395 12 116
0.12853622436523438 12 99
0.13655304908752441 13 92
0.14258551597595215 13 82
0.14944720268249512 13 82
0.15655970573425293 14 63
0.1625826358795166 14 63
0.16986393928527832 14 63
0.1768050193786621 13 20
0.1849193572998047 13 0
0.19083857536315918 13 0
0.19788217544555664 12 -17
0.2048022747039795 12 -40
0.21078944206237793 11 -76
0.21791553497314453 11 -91
0.22482848167419434 10 -57
0.23079538345336914 9 -92
0.23864150047302246 8 -114
0.24601507186889648 7 -128
0.25197267532348633 6 -148
0.25867795944213867 4 -158
0.26584744453430176 3 -165
0.2718691825866699 2 -175
0.2786240577697754 1 -179
0.2865324020385742 -1 -186
0.29256486892700195 -2 -189
0.29986071586608887 -3 -190
0.3133547306060791 -6 -189
0.32031774520874023 -7 -188
0.32729601860046387 -8 -183
0.3338968753814697 -10 -177
0.3413996696472168 -11 -172
0.3484213352203369 -12 -162
0.3553884029388428 -13 -154
0.36141228675842285 -13 -145
0.3685576915740967 -14 -138
0.3754572868347168 -15 -130
0.3814663887023926 -15 -90
0.38935256004333496 -16 -90
0.39652323722839355 -16 -76
0.4025576114654541 -16 -76
0.40946507453918457 -16 -76
0.4165685176849365 -16 -76
0.422590970993042 -16 -76
0.4299590587615967 -16 -76
0.4378068447113037 -16 -15
0.4443538188934326 -15 0
0.45067501068115234 -15 14
0.45748257637023926 -15 30
0.4639110565185547 -14 77
0.4706075191497803 -13 91
0.47741222381591797 -12 48
0.4843864440917969 -11 119
0.49175548553466797 -10 134
0.4985318183898926 -9 148
0.5054614543914795 -8 159
0.5117430686950684 -7 163
0.5185329914093018 -5 172
0.5254464149475098 -4 176
0.531468391418457 -3 185
0.5393068790435791 -2 187
0.5465924739837646 0 186
0.5525798797607422 1 187
0.5600783824920654 2 183
0.5668704509735107 3 182
0.5728082656860352 5 178
0.5794763565063477 5 173
0.5865318775177002 7 166
0.5938296318054199 8 154
0.6005480289459229 8 140
0.6074657440185547 9 132
0.6138889789581299 10 127
0.6206150054931641 10 120
0.6277353763580322 11 98
0.6342942714691162 11 82
0.6417527198791504 11 63
0.6485443115234375 12 63
0.6554672718048096 12 63
0.661780834197998 12 63
0.6686933040618896 12 18
0.6758966445922852 11 18
0.6819179058074951 11 0
0.6887986660003662 11 -16
0.696786642074585 10 -37
0.7027842998504639 9 -83
0.7170846462249756 8 -82
0.7237379550933838 7 -99
0.730478048324585 6 -120
0.7373294830322266 5 -142
0.7454454898834229 3 -152
0.7514703273773193 2 -161
0.7584221363067627 1 -170
0.7653512954711914 0 -175
0.771411657333374 -1 -185
0.7784497737884521 -3 -189
0.785804271697998 -4 -191
0.7925982475280762 -5 -186
0.7994480133056641 -6 -184
0.806596040725708 -8 -179
0.8126263618469238 -9 -179
0.8199830055236816 -10 -172
0.8267803192138672 -11 -165
0.8327827453613281 -12 -160
0.8398399353027344 -13 -151
0.8479170799255371 -14 -141
0.8548219203948975 -15 -127
0.8607745170593262 -15 -119
0.8678891658782959 -16 -95
0.8748271465301514 -16 -84
0.8808028697967529 -16 -84
0.8878750801086426 -16 -84
0.8958957195281982 -17 -53
0.9019443988800049 -17 -22
0.9099428653717041 -16 -22
0.9167776107788086 -16 -22
0.9226784706115723 -16 0
0.9294850826263428 -15 18
0.9365880489349365 -15 47
0.942601203918457 -14 78
0.9507927894592285 -13 92
0.957913875579834 -13 76
0.9649877548217773 -11 106
0.9708817005157471 -11 126
0.9779181480407715 -10 138
0.9848108291625977 -8 150
0.9907875061035156 -7 164
0.9986612796783447 -6 169
1.0058300495147705 -5 183
1.0118749141693115 -3 183
1.0186548233032227 -2 192
1.0260004997253418 -1 190
1.0320401191711426 0 190
1.0387778282165527 2 186
1.0465965270996094 3 183
1.0525877475738525 4 180
1.0594029426574707 5 171
1.0665512084960938 7 166
1.0725550651550293 7 159
1.0798413753509521 8 154
1.0868761539459229 9 141
1.092824935913086 10 129
1.1007513999938965 11 118
1.1152451038360596 11 87
1.1213593482971191 12 73
1.1285247802734375 12 73
1.1358470916748047 12 58
1.1418797969818115 12 22
1.150097370147705 12 22
1.1568937301635742 12 22
1.1630783081054688 11 0
1.1699490547180176 11 -20
1.1767780780792236 10 -43
1.182661533355713 10 -76
1.189467430114746 9 -89
1.1965889930725098 8 -75
1.2047579288482666 7 -104
1.2107141017913818 6 -124
1.2174797058105469 5 -138
1.223900318145752 4 -150
1.23057222366333 3 -159
1.2373621463775635 2 -168
1.2438304424285889 0 -175
1.251431941986084 -1 -182
1.2584543228149414 -2 -185
1.2658028602600098 -3 -193
1.2718591690063477 -5 -190
1.2786154747009277 -6 -187
1.2858178615570068 -7 -182
1.291822910308838 -8 -182
1.298574686050415 -10 -178
1.3065288066864014 -11 -173
1.3125746250152588 -12 -164
1.3194653987884521 -13 -159
1.3268330097198486 -14 -147
1.332780122756958 -14 -131
1.340036392211914 -15 -123
1.346837043762207 -16 -99
1.3543946743011475 -16 -88
1.3607213497161865 -16 -88
1.3677897453308105 -17 -65
1.3743414878845215 -17 -65
1.3806860446929932 -17 -65
1.3879218101501465 -17 -65
1.3984439373016357 -16 0
1.4114160537719727 -15 38
1.4268324375152588 -14 90
1.442046880722046 -12 94
1.4578139781951904 -10 128
1.471851110458374 -8 156
1.485074758529663 -5 175
1.4973745346069336 -3 186
1.5195016860961914 1 186
1.5331816673278809 4 192
1.5400700569152832 5 192
1.5469696521759033 6 187
1.5531337261199951 7 178
1.5600194931030273 8 171
1.5669078826904297 9 155
1.5821208953857422 11 125
1.6023828983306885 13 76
1.6165800094604492 13 76
1.6233692169189453 13 58
1.6303508281707764 13 58
1.6381700038909912 13 21
1.6450538635253906 13 21
1.6509861946105957 12 0
1.658001184463501 12 -19
1.6649377346038818 11 -44
1.670867919921875 11 -63
1.6778998374938965 10 -95
1.6859614849090576 9 -81
1.69193696975708 8 -110
1.6986863613128662 7 -119
1.7058627605438232 6 -141
1.7118160724639893 5 -153
1.7186226844787598 4 -161
1.725783348083496 3 -173
1.731788158416748 2 -177
1.7392475605010986 0 -183
1.7465319633483887 -1 -184
1.7525763511657715 -3 -191
1.7594447135925293 -4 -188
1.766577959060669 -5 -190
1.7726044654846191 -6 -184
1.7794275283813477 -7 -178
1.7874629497528076 -9 -172
1.7939207553863525 -10 -165
1.8006346225738525 -11 -157
1.807877540588379 -12 -151
1.814756155014038 -13 -139
1.8206918239593506 -13 -132
1.8277733325958252 -14 -121
1.834352970123291 -14 -94
1.841463565826416 -15 -81
1.8484983444213867 -15 -81
1.855414628982544 -15 -59
1.861419439315796 -15 -59
1.868605375289917 -15 -59
1.8759074211120605 -15 -20
1.8819198608398438 -15 -20
1.8898534774780273 -14 0
1.8965814113616943 -14 18
1.9025821685791016 -13 42
1.9180757999420166 -12 92
1.925279140472412 -11 79
1.9313151836395264 -10 108
1.9393906593322754 -9 125
1.946730375289917 -8 139
1.9525976181030273 -7 154
1.9593923091888428 -6 160
1.9665145874023438 -4 169
1.9725348949432373 -3 180
1.979400634765625 -2 184
1.986781358718872 0 188
1.9947569370269775 1 190
2.002126932144165 3 189
2.0089428424835205 4 189
2.0161285400390625 5 188
2.022064685821533 6 179
2.0288102626800537 7 172
2.035984754562378 8 166
2.04280948638916 9 151
2.0500011444091797 10 147
2.0567715167999268 11 143
2.0627827644348145 12 127
2.069490909576416 12 116
2.0765538215637207 13 91
2.0825650691986084 13 77
2.0894060134887695 13 77
2.0972743034362793 13 77
2.103891134262085 14 50
2.110584259033203 13 25
2.1173715591430664 13 25
2.123795747756958 13 0
2.130469560623169 13 0
2.1373291015625 12 -54
2.1454412937164307 11 -54
2.151454448699951 11 -75
2.1584200859069824 10 -70
2.165776491165161 9 -92
2.17173433303833 8 -106
2.1784603595733643 7 -122
2.185349225997925 6 -143
2.192333698272705 5 -152
2.199047565460205 4 -161
2.206278085708618 3 -169
2.2123003005981445 1 -180
2.218989372253418 0 -183
2.2263026237487793 -1 -187
2.2323451042175293 -2 -189
2.239210367202759 -4 -191
2.247239351272583 -5 -190
2.253511905670166 -7 -189
2.2605011463165283 -8 -183
2.267735004425049 -9 -176
2.2739028930664062 -10 -169
2.2806172370910645 -11 -160
2.287837028503418 -12 -155
2.295769453048706 -13 -146
2.308436393737793 -15 -96
2.3221731185913086 -15 -85
2.329010009765625 -15 -85
2.3364388942718506 -16 -70
2.3424458503723145 -16 -70
2.35066294670105 -16 -70
2.3574819564819336 -16 -70
2.3639237880706787 -15 -19
2.3705806732177734 -15 -19
2.3773913383483887 -15 17
2.383880615234375 -14 37
2.390578508377075 -13 68
2.398549795150757 -12 38
2.405988931655884 -12 85
2.4119951725006104 -11 112
2.4187560081481934 -10 128
2.4259519577026367 -9 133
2.4319677352905273 -8 145
2.4387056827545166 -7 160
2.4465503692626953 -5 170
2.452603340148926 -4 180
2.4594197273254395 -3 185
2.466792345046997 -1 189
2.4728095531463623 0 189
2.4794697761535645 1 188
2.4865341186523438 2 184
2.4926035404205322 4 182
2.5006601810455322 5 183
2.507737636566162 6 179
2.51387619972229 7 172
2.520540237426758 8 162
2.527740001678467 9 157
2.5339062213897705 10 150
2.540583372116089 11 136
2.5483739376068115 11 129
2.555379867553711 12 93
2.5614404678344727 12 93
2.5684385299682617 13 82
2.5753633975982666 13 82
2.5814342498779297 13 57
2.5885677337646484 13 57
2.5957436561584473 13 22
2.6025898456573486 13 22
2.609452247619629 13 0
2.6165411472320557 12 -18
2.6225745677948 12 -45
2.6294326782226562 11 -57
2.636586904525757 10 -79
2.6426031589508057 9 -62
2.6507797241210938 9 -95
2.6580121517181396 8 -114
2.664902687072754 6 -130
2.670837640762329 5 -143
2.677891731262207 4 -154
2.684819221496582 3 -162
2.6907451152801514 2 -173
2.697770833969116 1 -178
2.705834150314331 -1 -185
2.717390537261963 -3 -192
2.725811719894409 -5 -193
2.731851816177368 -6 -190
2.738784074783325 -7 -187
2.746150255203247 -8 -185
2.753230333328247 -10 -179
2.7601637840270996 -11 -175
2.767094135284424 -12 -158
2.7733492851257324 -13 -151
2.780327796936035 -13 -145
2.7872426509857178 -14 -131
2.793501853942871 -15 -119
2.800480365753174 -15 -91
2.808398485183716 -16 -78
2.8153560161590576 -16 -78
2.821403980255127 -16 -63
2.828540563583374 -16 -63
2.835461378097534 -16 -22
2.84146785736084 -16 -22
2.848452568054199 -15 0
2.8563623428344727 -15 0
2.8623673915863037 -15 43
2.8692173957824707 -14 60
2.8763394355773926 -13 77
2.882351875305176 -12 61
2.889286994934082 -12 93
2.8963935375213623 -11 107
2.9034652709960938 -9 130
2.9111571311950684 -8 142
2.918318033218384 -7 154
2.9252333641052246 -6 164
2.9313297271728516 -5 172
2.9383480548858643 -3 180
2.9454503059387207 -2 190
2.9514410495758057 -1 191
2.959252119064331 0 191
2.96635103225708 2 189
2.972360849380493 3 188
2.979177713394165 4 186
2.986328363418579 6 186
2.9923489093780518 7 179
2.999054193496704 7 169
3.0071768760681152 9 162
3.0133962631225586 10 150
3.0203568935394287 11 140
3.0271573066711426 11 129
3.033374071121216 12 123
3.040372848510742 12 91
3.047333002090454 13 83
3.053880453109741 13 83
3.0614445209503174 13 64
3.0685949325561523 13 64
3.075795888900757 13 64
3.081794500350952 13 20
3.088547706604004 13 20
3.095453977584839 12 0
3.101423740386963 12 -17
3.109264373779297 11 -63
3.123274326324463 10 -93
3.1302599906921387 9 -80
3.1371986865997314 8 -107
3.1437387466430664 7 -123
3.150481939315796 6 -131
3.158200979232788 5 -148
3.1651058197021484 4 -164
3.1710331439971924 3 -173
3.178291082382202 1 -173
3.1853790283203125 0 -181
3.1914238929748535 -1 -183
3.1984620094299316 -3 -190
3.205392599105835 -4 -191
3.212514638900757 -5 -188
3.2193737030029297 -6 -185
3.226541519165039 -8 -182
3.23256778717041 -9 -174
3.239417791366577 -10 -171
3.2468421459198 -11 -167
3.253007650375366 -12 -152
3.260775566101074 -13 -140
3.267819404602051 -13 -131
3.2743520736694336 -14 -124
3.280726194381714 -15 -116
3.2877607345581055 -15 -92
3.294276714324951 -15 -92
3.300628423690796 -16 -71
3.3078830242156982 -16 -71
3.3158926963806152 -16 -71
3.3219335079193115 -16 -71
3.328702688217163 -15 -18
3.335890054702759 -15 0
3.3418796062469482 -15 0
3.348642349243164 -14 16
3.3558077812194824 -13 68
3.362541437149048 -13 37
3.3698084354400635 -12 55
3.376756191253662 -11 101
3.3826587200164795 -10 120
3.3894147872924805 -9 133
3.396519422531128 -8 146
3.4025425910949707 -7 160
3.4094269275665283 -5 169
3.4173829555511475 -4 178
3.424349069595337 -3 183
3.4307544231414795 -1 188
3.438046932220459 0 192
3.444908618927002 1 190
3.4508771896362305 2 189
3.45793080329895 3 190
3.4658730030059814 5 188
3.471870183944702 6 181
3.4785828590393066 7 170
3.4858620166778564 8 165
3.4918904304504395 9 158
3.498612642288208 10 147
3.5057790279388428 11 141
3.5117902755737305 12 117
3.5271267890930176 13 91
3.533738374710083 13 91
3.540523052215576 13 70
3.5478734970092773 13 70
3.5547842979431152 13 70
3.560736894607544 13 70
3.568748950958252 13 70
3.5760037899017334 13 16
3.5820634365081787 12 0
3.5887649059295654 12 -15
3.5959503650665283 11 -34
3.601961612701416 11 -90
3.6088509559631348 10 -99
3.616852045059204 9 -90
3.6226797103881836 8 -113
3.629441261291504 7 -129
3.6365346908569336 6 -142
3.642557382583618 5 -153
3.649364709854126 4 -162
3.6565101146698 3 -169
3.6625189781188965 1 -181
3.6706769466400146 0 -183
3.6774654388427734 -1 -189
3.6839003562927246 -3 -189
3.6906604766845703 -4 -191
3.697923183441162 -5 -189
3.7048840522766113 -7 -184
3.710855722427368 -8 -183
3.7186379432678223 -9 -180
3.7260000705718994 -10 -168
3.732041358947754 -11 -158
3.7387921810150146 -12 -147
3.7459707260131836 -13 -140
3.751957893371582 -13 -135
3.758693218231201 -14 -119
3.765890121459961 -15 -92
3.7727952003479004 -15 -79
3.7794642448425293 -15 -79
3.7868611812591553 -15 -79
3.793036937713623 -16 -51
3.7998604774475098 -15 -27
3.8067708015441895 -15 -27
3.8126633167266846 -15 -27
3.8206207752227783 -15 0
3.8277390003204346 -14 19
3.833904981613159 -14 53
3.8405845165252686 -13 77
3.847734212875366 -12 90
3.8542983531951904 -11 67
3.860599994659424 -11 93
3.8673646450042725 -9 124
3.87536358833313 -9 137
3.881399393081665 -7 149
3.888385057449341 -6 158
3.895324230194092 -5 170
3.9013826847076416 -4 176
3.909271001815796 -2 183
3.9232943058013916 0 189
3.930206298828125 1 190
3.937135934829712 3 195
3.9434967041015625 4 193
3.9504528045654297 5 191
3.9573569297790527 7 180
3.964254140853882 8 170
3.971423864364624 9 166
3.9783849716186523 10 156
3.985313892364502 11 144
3.9913759231567383 11 137
3.998379945755005 12 130
4.005340099334717 12 96
4.011390447616577 13 96
4.0183961391448975 13 81
4.0265655517578125 14 63
4.032585144042969 14 63
4.039410591125488 14 63
4.0465404987335205 13 22
4.052581310272217 13 22
4.059408664703369 13 0
4.066450595855713 12 -19
4.074329853057861 12 -43
4.080669164657593 11 -76
4.0879528522491455 11 -92
4.094807863235474 10 -60
4.100740671157837 9 -93
4.107731819152832 8 -115
4.11387300491333 7 -130
4.120550870895386 6 -150
4.128341197967529 4 -158
4.135254144668579 3 -169
4.14126181602478 2 -175
4.148452997207642 1 -178
4.1553709506988525 0 -185
4.1614015102386475 -1 -187
4.168449401855469 -3 -192
4.176410913467407 -5 -191
4.182503700256348 -6 -187
4.189375877380371 -7 -183
4.196519374847412 -8 -180
4.202518701553345 -9 -174
4.209809064865112 -10 -169
4.2168800830841064 -11 -163
4.2243571281433105 -12 -152
4.23073935508728 -13 -140
4.2377471923828125 -14 -131
4.244348049163818 -14 -121
4.250669956207275 -15 -94
4.25747013092041 -15 -82
4.2643938064575195 -15 -82
4.270718574523926 -16 -60
4.278454542160034 -16 -60
4.285372257232666 -16 -22
4.291410446166992 -15 -22
4.298393726348877 -15 -22
4.306867599487305 -15 0
4.312828063964844 -14 43
4.328315496444702 -13 79
4.335442543029785 -12 61
4.341443300247192 -11 95
4.348638534545898 -10 106
4.3558526039123535 -9 132
4.361817836761475 -8 143
4.36852240562439 -7 154
4.375445365905762 -5 161
4.382471084594727 -4 168
4.389474630355835 -3 182
4.39657735824585 -2 188
4.4025962352752686 -1 189
4.409456014633179 1 190
4.4165568351745605 2 190
4.422545909881592 3 192
4.430563449859619 5 185
4.437323570251465 6 178
4.443921327590942 7 176
4.450633525848389 8 169
4.457396745681763 9 159
4.463815212249756 10 153
4.47056770324707 11 140
4.47779107093811 11 133
4.4857892990112305 12 124
4.491812705993652 12 95
4.498559474945068 13 86
4.5058770179748535 13 66
4.511918067932129 13 66
4.518677473068237 13 66
4.525846242904663 13 66
4.532670497894287 13 18
4.539473056793213 13 18
4.546561241149902 12 0
4.552534341812134 12 -16
4.575870752334595 10 -95
4.582785367965698 9 -84
4.589430809020996 8 -108
4.5965416431427 7 -123
4.60254168510437 6 -136
4.609797716140747 5 -148
4.616548776626587 4 -159
4.622535705566406 3 -170
4.629798650741577 1 -173
4.637778043746948 0 -180
4.644302845001221 -1 -185
4.650680303573608 -3 -190
4.657740592956543 -4 -191
4.66431736946106 -5 -189
4.670695543289185 -6 -181
4.677748680114746 -7 -178
4.685858488082886 -9 -172
4.691938638687134 -10 -168
4.698707103729248 -11 -159
4.705904722213745 -12 -154
4.711949348449707 -12 -137
4.726293563842773 -14 -124
4.733833074569702 -15 -88
4.740575075149536 -15 -88
4.747896194458008 -15 -73
4.755000352859497 -15 -73
4.760946750640869 -15 -73
4.768010139465332 -15 -73
4.774944305419922 -15 -73
4.780866622924805 -15 -17
4.788631916046143 -15 -17
4.795832872390747 -14 0
4.801815748214722 -14 33
4.808700084686279 -13 75
4.815896987915039 -12 90
4.821922540664673 -11 51
4.828670024871826 -10 104
4.836559772491455 -9 122
4.842527627944946 -8 144
4.849346876144409 -7 149
4.856438875198364 -6 163
4.862489223480225 -5 174
4.869503498077393 -4 179
4.876584529876709 -2 184
4.882585763931274 -1 188
4.890607595443726 0 188
4.897358655929565 2 189
4.903820753097534 3 186
4.9112327098846436 4 187
4.918213844299316 5 188
4.925282001495361 7 179
4.931328296661377 8 174
4.938939332962036 9 161
4.946077823638916 10 155
4.952071905136108 10 143
4.958812236785889 11 134
4.965962886810303 12 120
4.971963882446289 12 94
4.978700876235962 13 94
4.998199462890625 14 55
