0 0 0
0.006971120834350586 0 0
0.014049530029296875 0 2
0.01990818977355957 1 2
0.026883602142333984 1 7
0.03375649452209473 2 16
0.039627790451049805 2 43
0.04638338088989258 3 96
0.05479121208190918 4 62
0.06078696250915527 5 91
0.06746411323547363 6 110
0.07436466217041016 6 117
0.08034253120422363 7 119
0.0873105525970459 8 121
0.09416913986206055 8 111
0.10116076469421387 9 94
0.10795092582702637 10 81
0.1153421401977539 10 81
0.12135863304138184 10 65
0.1282045841217041 10 65
0.13533234596252441 10 65
0.1413440704345703 10 22
0.14833784103393555 10 22
0.15636372566223145 9 -19
0.1627511978149414 8 -45
0.16944408416748047 8 -66
0.17641925811767578 7 -99
0.18284010887145996 6 -64
0.18949031829833984 5 -104
0.19625329971313477 4 -124
0.20427989959716797 3 -145
0.21030092239379883 2 -156
0.21727323532104492 1 -163
0.2241196632385254 0 -168
0.23019981384277344 -1 -167
0.237396240234375 -3 -169
0.24437427520751953 -4 -165
0.2503812313079834 -5 -158
0.2581360340118408 -6 -148
0.270967960357666 -7 -135
0.27794528007507324 -8 -122
0.28528904914855957 -8 -122
0.2913243770599365 -9 -95
0.298382043838501 -9 -81
0.30623316764831543 -9 -81
0.3124120235443115 -9 -81
0.3193967342376709 -9 -81
0.3262333869934082 -9 -21
0.33243584632873535 -8 0
0.3393402099609375 -8 19
0.3461284637451172 -7 41
0.3540968894958496 -6 91
0.3600130081176758 -6 61
0.36701226234436035 -5 108
0.3739175796508789 -4 128
0.37982964515686035 -3 141
0.38694167137145996 -2 149
0.39385199546813965 0 158
0.39975857734680176 1 167
0.40775060653686523 2 170
0.41507935523986816 3 168
0.42106127738952637 4 165
0.42773914337158203 5 160
0.43497157096862793 6 151
0.4409348964691162 7 143
0.44765424728393555 8 139
0.45554232597351074 8 127
0.4615800380706787 9 116
0.4683952331542969 9 87
0.47576022148132324 10 67
0.4817390441894531 10 67
0.4884159564971924 10 25
0.49555468559265137 9 25
0.5015590190887451 9 0
0.5095691680908203 8 -22
0.5163195133209229 8 -50
0.5227456092834473 7 -64
0.5294456481933594 6 -98
0.5364067554473877 6 -84
0.5427656173706055 4 -113
0.5494849681854248 4 -124
0.5572597980499268 2 -146
0.5642321109771729 1 -162
0.5702540874481201 0 -164
0.5772750377655029 -1 -167
0.5841929912567139 -2 -165
0.5902688503265381 -3 -165
0.5974838733673096 -4 -163
0.6043925285339355 -5 -156
0.6114974021911621 -6 -149
0.6182692050933838 -7 -137
0.62538743019104 -8 -130
0.6313953399658203 -8 -120
0.6381847858428955 -9 -89
0.6452691555023193 -9 -75
0.65130615234375 -9 -75
0.659489631652832 -9 -75
0.6742260456085205 -9 -21
0.6802680492401123 -8 0
0.6873798370361328 -8 19
0.6944229602813721 -7 41
0.7003896236419678 -7 88
0.7073256969451904 -6 42
0.7154672145843506 -5 91
0.7214670181274414 -4 119
0.7282595634460449 -3 142
0.7353627681732178 -2 148
0.7414705753326416 -1 156
0.7482767105102539 0 165
0.7553598880767822 2 163
0.7624208927154541 3 171
0.7693648338317871 4 169
0.7771871089935303 5 156
0.784060001373291 6 150
0.7899274826049805 7 143
0.7970962524414062 7 131
0.8039743900299072 8 119
0.8109195232391357 8 89
0.8176529407501221 9 89
0.8247964382171631 9 75
0.8307704925537109 9 75
0.8376250267028809 9 75
0.8447132110595703 9 75
0.8504700660705566 9 19
0.857388973236084 8 0
0.8653156757354736 8 -18
0.8713233470916748 7 -38
0.8781323432922363 7 -93
0.885183572769165 6 -41
0.8911397457122803 5 -93
0.8979816436767578 4 -120
0.9051506519317627 3 -137
0.9111306667327881 2 -154
0.9190342426300049 1 -160
0.9259176254272461 -1 -163
0.9320981502532959 -2 -165
0.9389936923980713 -3 -166
0.9457807540893555 -4 -161
0.9516403675079346 -5 -157
0.9589831829071045 -6 -150
0.9664361476898193 -6 -138
0.9728271961212158 -7 -133
0.9795053005218506 -8 -124
0.9862844944000244 -8 -93
0.9924740791320801 -9 -73
0.99941086769104 -9 -73
1.0061492919921875 -9 -73
1.012725591659546 -9 -73
1.020272970199585 -9 -73
1.0272917747497559 -8 -18
1.034151315689087 -8 0
1.0401992797851562 -8 16
1.047152042388916 -7 37
1.05415678024292 -6 77
1.0600273609161377 -5 96
1.0750389099121094 -4 122
1.081005573272705 -2 137
1.087876319885254 -1 147
1.0951640605926514 0 156
1.1011536121368408 1 163
1.1078200340270996 2 168
1.11494779586792 3 171
1.1219558715820312 4 160
1.128420352935791 5 157
1.135740041732788 6 147
1.1415793895721436 7 132
1.1483404636383057 7 128
1.1554679870605469 8 99
1.1614665985107422 8 85
1.169419527053833 9 85
1.1761724948883057 9 85
1.1827316284179688 9 85
1.1894557476043701 9 85
1.196352243423462 9 85
1.202754020690918 8 18
1.2094285488128662 8 0
1.216125249862671 7 -16
1.2240455150604248 6 -83
1.229917049407959 6 -39
1.2368855476379395 5 -54
1.2437670230865479 4 -114
1.2496953010559082 3 -140
1.2568652629852295 2 -145
1.2675199508666992 0 -164
1.2832603454589844 -3 -166
1.2959342002868652 -5 -162
1.310175895690918 -8 -151
1.3270454406738281 -9 -135
1.3395676612854004 -10 -91
1.354832649230957 -11 -74
1.367823839187622 -11 -23
1.3821146488189697 -10 0
1.395094633102417 -10 20
1.4010586738586426 -9 69
1.407726764678955 -8 88
1.414832592010498 -8 65
1.4207749366760254 -7 104
1.4274892807006836 -6 118
1.4381463527679443 -4 153
1.4524176120758057 -1 163
1.4778220653533936 3 169
1.4851133823394775 4 166
1.4911022186279297 5 156
1.4992821216583252 6 146
1.5062272548675537 6 136
1.5123932361602783 7 120
1.5193321704864502 7 87
1.5260605812072754 7 87
1.5322091579437256 7 87
1.5391311645507812 7 87
1.5467596054077148 7 20
1.553760290145874 7 20
1.559654712677002 6 0
1.5664138793945312 6 -40
1.5727763175964355 5 -82
1.5794320106506348 4 -43
1.5862772464752197 3 -100
1.5927097797393799 2 -123
1.6003427505493164 1 -140
1.6072933673858643 0 -149
1.6143274307250977 -1 -160
1.620363712310791 -2 -164
1.6273880004882812 -4 -165
1.634312629699707 -5 -165
1.6403448581695557 -6 -164
1.6481611728668213 -7 -158
1.6552517414093018 -8 -151
1.6612303256988525 -8 -141
1.6679120063781738 -9 -136
1.6752309799194336 -10 -130
1.6812224388122559 -10 -120
1.6879103183746338 -11 -91
1.6950678825378418 -11 -70
1.701784372329712 -11 -70
1.7087631225585938 -11 -70
1.7158305644989014 -11 -25
1.7219853401184082 -10 0
1.7284214496612549 -10 0
1.735703468322754 -9 48
1.7415521144866943 -9 65
1.7495338916778564 -8 45
1.7562541961669922 -7 84
1.7624032497406006 -6 101
1.76932954788208 -5 125
1.7841038703918457 -2 163
1.802870273590088 1 172
1.8164072036743164 3 176
1.8362774848937988 7 157
1.856424331665039 9 127
1.884401559829712 11 82
1.9057879447937012 12 23
1.926095962524414 10 -90
1.9611451625823975 5 -146
1.9841594696044922 2 -171
1.9953718185424805 1 -175
2.0044283866882324 0 -170
2.0103890895843506 -1 -159
2.0173532962799072 -2 -154
2.0242605209350586 -3 -132
2.0302767753601074 -3 -124
2.0374233722686768 -4 -90
2.044339418411255 -4 -90
2.050363302230835 -4 -90
2.058245897293091 -4 -90
2.065300703048706 -4 -90
2.071317672729492 -4 -19
2.078026294708252 -4 -19
2.085179567337036 -3 0
2.0911366939544678 -2 37
2.0979247093200684 -2 85
2.106107711791992 -1 56
2.1122896671295166 0 102
2.1191635131835938 1 124
2.125903606414795 2 140
2.131991147994995 3 156
2.1387627124786377 4 162
2.1455178260803223 6 164
2.1514952182769775 7 169
2.159567356109619 8 169
2.166309118270874 9 167
2.1724283695220947 10 160
2.1793909072875977 11 155
2.186164379119873 12 144
2.1923763751983643 13 131
2.1993720531463623 13 122
2.2061574459075928 14 97
2.2142622470855713 14 74
2.2202916145324707 14 74
2.227311849594116 14 74
2.2343974113464355 14 74
2.240386724472046 14 74
2.24735164642334 14 19
2.2542853355407715 14 0
2.2613372802734375 13 -39
2.2758700847625732 12 -74
2.2821481227874756 11 -59
2.289032459259033 10 -93
2.2960708141326904 9 -129
2.3024120330810547 8 -136
2.3102259635925293 7 -151
2.3172292709350586 5 -158
2.324082612991333 4 -166
2.329998254776001 3 -168
2.337174415588379 2 -168
2.3440592288970947 1 -164
2.3499393463134766 0 -156
2.3595669269561768 -1 -145
2.3668227195739746 -2 -131
2.373751163482666 -3 -120
2.3796792030334473 -3 -94
2.386747121810913 -3 -94
2.39376163482666 -4 -73
2.399674654006958 -4 -73
2.406735420227051 -4 -73
2.4144222736358643 -4 -20
2.4204180240631104 -3 -20
2.427384853363037 -3 0
2.4342894554138184 -2 19
2.440290927886963 -2 41
2.4472644329071045 -1 91
2.4543120861053467 0 61
2.4612627029418945 1 108
2.4679768085479736 2 130
2.4751107692718506 3 142
2.4876320362091064 5 160
2.495002508163452 6 168
2.5009541511535645 7 174
2.5076897144317627 9 174
2.515854597091675 10 169
2.522010564804077 11 163
2.5288031101226807 12 158
2.535534620285034 13 144
2.54152250289917 13 135
2.5483429431915283 14 135
2.555476665496826 14 120
2.5614898204803467 15 88
2.569490671157837 15 72
2.5764310359954834 15 72
2.582843065261841 15 72
2.58956241607666 15 22
2.596282958984375 15 0
2.602463722229004 14 0
2.609379529953003 14 -21
2.617154121398926 13 -71
2.6242034435272217 12 -45
2.630249500274658 11 -90
2.6373462677001953 10 -107
2.6442761421203613 9 -134
2.650339126586914 8 -146
2.6572771072387695 7 -154
2.665159225463867 5 -170
2.678194522857666 4 -170
2.685436964035034 2 -168
2.69140887260437 1 -164
2.6987574100494385 0 -158
2.7057719230651855 -1 -155
2.7116150856018066 -2 -146
2.719491958618164 -2 -138
2.7262253761291504 -3 -118
2.732452869415283 -3 -118
2.7394473552703857 -4 -85
2.746227502822876 -4 -85
2.752849578857422 -4 -57
2.759498119354248 -4 -27
2.7673799991607666 -4 -27
2.774299144744873 -3 0
2.781182050704956 -3 21
2.787961959838867 -2 53
2.7950868606567383 -2 55
2.8010241985321045 -1 98
2.8077034950256348 0 72
2.8150813579559326 1 114
2.822082042694092 2 133
2.828935146331787 3 146
2.8356785774230957 4 150
2.841525077819824 5 161
2.8482728004455566 6 165
2.855362892150879 7 162
2.861361026763916 8 162
2.8693456649780273 9 157
2.876230001449585 10 151
2.8828210830688477 11 142
2.8895010948181152 12 140
2.896312952041626 12 120
2.9027326107025146 13 120
2.9094903469085693 13 91
2.91631817817688 14 79
2.9242968559265137 14 79
2.9303221702575684 14 79
2.937450408935547 13 22
2.9443774223327637 13 0
2.950356960296631 13 0
2.9572856426239014 12 -42
2.9642064571380615 11 -74
2.971249580383301 10 -44
2.977915048599243 10 -93
2.985053777694702 9 -118
2.991034746170044 8 -135
2.997948408126831 7 -146
3.0051562786102295 6 -156
3.011138439178467 4 -166
3.017958402633667 3 -169
3.025938034057617 2 -176
3.0320403575897217 1 -174
3.038933753967285 0 -172
3.0457136631011963 -1 -161
3.0515573024749756 -2 -154
3.058467388153076 -3 -142
3.0656661987304688 -4 -125
3.07951021194458 -5 -86
3.0864434242248535 -5 -86
3.0938050746917725 -6 -72
3.099721908569336 -6 -72
3.10693097114563 -6 -72
3.1139883995056152 -5 -21
3.1198742389678955 -5 0
3.127692461013794 -5 20
3.134976863861084 -4 20
3.140942335128784 -3 73
3.1477479934692383 -3 44
3.154900550842285 -2 63
3.1608338356018066 -1 106
3.167541265487671 0 127
3.175536870956421 1 141
3.181527853012085 2 157
3.1882948875427246 3 163
3.1953656673431396 5 169
3.2013349533081055 6 169
3.2081308364868164 7 167
3.2152342796325684 8 163
3.2211787700653076 9 158
3.229100227355957 10 152
3.236017942428589 11 140
3.24216365814209 11 134
3.2490246295928955 12 128
3.255812883377075 12 116
3.2617719173431396 13 83
3.2684359550476074 13 83
3.276754379272461 13 83
3.2832579612731934 13 83
3.2895665168762207 13 83
3.296745777130127 12 18
3.3037211894989014 12 0
3.309629201889038 12 0
3.3163537979125977 11 -36
3.322704315185547 10 -98
3.3302791118621826 9 -55
3.3372294902801514 8 -99
3.3440797328948975 7 -132
3.349963903427124 6 -143
3.3571643829345703 5 -154
3.364062786102295 4 -162
3.369924783706665 3 -163
3.37772798538208 2 -169
3.38485050201416 1 -166
3.390822410583496 0 -162
3.3975183963775635 -1 -158
3.4047889709472656 -2 -145
3.410764694213867 -3 -131
3.4176411628723145 -4 -124
3.4248218536376953 -4 -117
3.4315080642700195 -5 -91
3.438309669494629 -5 -71
3.44539475440979 -5 -71
3.4513790607452393 -5 -71
3.458207368850708 -5 -71
3.4653520584106445 -5 -20
3.479328155517578 -4 0
3.4862241744995117 -4 41
3.4927937984466553 -3 69
3.499443531036377 -2 87
3.506277084350586 -1 60
3.5126988887786865 0 104
3.519472360610962 1 124
3.5262041091918945 2 139
3.5344350337982178 3 155
3.540405511856079 4 161
3.547358274459839 5 164
3.5542585849761963 6 166
3.560296058654785 7 163
3.567237615585327 8 160
3.574157238006592 9 155
3.581200122833252 10 144
3.5880086421966553 11 138
3.595355272293091 11 126
3.6014211177825928 12 89
3.6082346439361572 12 89
3.615353584289551 13 73
3.621350049972534 13 73
3.628164052963257 13 73
3.63604998588562 12 23
3.64219331741333 12 0
3.6490225791931152 12 0
3.6559133529663086 11 -45
3.6622350215911865 11 -69
3.6691653728485107 10 -88
3.6759066581726074 9 -64
3.6838836669921875 8 -105
3.6898276805877686 7 -134
3.696868658065796 6 -140
3.703361988067627 5 -151
3.7096304893493652 4 -162
3.7167909145355225 2 -168
3.723318576812744 1 -172
3.72963285446167 0 -169
3.7374629974365234 -1 -165
3.744389057159424 -2 -156
3.750383138656616 -3 -150
3.757355213165283 -4 -144
3.7642717361450195 -4 -128
3.770292043685913 -5 -98
3.7781777381896973 -5 -87
3.786174774169922 -6 -72
3.7927889823913574 -6 -72
3.7994861602783203 -6 -72
3.80625319480896 -6 -72
3.812465190887451 -6 -22
3.8194162845611572 -5 0
3.826151132583618 -5 20
3.834207534790039 -4 44
3.840198278427124 -4 71
3.847203493118286 -3 43
3.854053020477295 -2 90
3.859912157058716 -1 117
3.8669416904449463 1 139
3.879894733428955 2 160
3.887834072113037 4 168
3.8952369689941406 5 173
3.901238203048706 6 171
3.9081733226776123 7 171
3.9152309894561768 8 169
3.9212117195129395 9 157
3.9280171394348145 10 153
3.9360532760620117 11 137
3.94222354888916 11 129
3.94911527633667 12 97
3.9560086727142334 12 84
3.962193489074707 13 84
3.9690945148468018 13 84
3.975813150405884 13 84
3.9817380905151367 13 84
3.989520311355591 13 84
3.9962618350982666 12 17
4.002469778060913 12 0
4.009360074996948 11 -17
4.016266345977783 11 -83
4.022449254989624 10 -99
4.029366493225098 9 -55
4.037156105041504 8 -114
4.04403281211853 7 -132
4.049916982650757 6 -144
4.057103395462036 5 -155
4.063969373703003 4 -163
4.069822788238525 3 -166
4.077005863189697 2 -168
4.083914518356323 0 -162
4.090912342071533 -1 -160
4.0976409912109375 -2 -150
4.10481071472168 -2 -136
4.11082911491394 -3 -132
4.117526054382324 -4 -126
4.124405145645142 -4 -116
4.130383253097534 -5 -86
4.138347864151001 -5 -86
4.145431756973267 -5 -64
4.151404619216919 -5 -64
4.158200025558472 -5 -23
4.16529655456543 -5 -23
4.171319246292114 -4 0
4.178022384643555 -4 20
4.1853578090667725 -3 63
4.192847728729248 -2 86
4.199510335922241 -2 43
4.206242799758911 -1 102
4.2124011516571045 0 117
4.219301223754883 1 133
4.226020336151123 2 150
4.232178688049316 3 159
4.239786624908447 5 163
4.246817588806152 6 166
4.253886699676514 7 166
4.259768724441528 8 167
4.266802549362183 9 158
4.279470443725586 11 150
4.286439418792725 11 134
4.294775009155273 12 127
4.300780773162842 13 96
4.307620048522949 13 85
4.314960241317749 13 70
4.320987224578857 14 70
4.327715635299683 14 70
4.334858417510986 13 25
4.3417627811431885 13 0
4.348450183868408 13 -23
4.3555426597595215 12 -50
4.3615076541900635 11 -66
4.368295669555664 11 -47
4.375541925430298 10 -69
4.381531715393066 9 -115
4.388307332992554 8 -124
4.396260738372803 7 -145
4.402415037155151 5 -154
4.409323692321777 4 -160
4.416067600250244 3 -167
4.422222852706909 2 -168
4.429120302200317 1 -168
4.435995101928711 0 -163
4.444075345993042 -1 -155
4.449973821640015 -2 -152
4.457015752792358 -3 -142
4.463909149169922 -4 -129
4.469863653182983 -4 -119
4.476876735687256 -4 -85
4.485328674316406 -5 -85
4.491334915161133 -5 -69
4.499298572540283 -5 -69
4.50602126121521 -5 -69
4.5121448040008545 -5 -21
4.519028902053833 -5 -21
4.525768756866455 -4 0
4.531615972518921 -4 43
4.53837513923645 -3 69
4.546205043792725 -2 42
4.5527801513671875 -1 62
4.559518575668335 0 105
4.566232442855835 1 126
4.572827577590942 2 140
4.57949686050415 3 152
4.586228609085083 4 161
4.592408180236816 5 166
4.600175380706787 6 163
4.607108116149902 7 163
4.61407470703125 8 163
4.619975566864014 9 154
4.626980781555176 10 149
4.633883237838745 11 137
4.639824390411377 12 127
4.647662401199341 12 92
4.654967308044434 12 82
4.66097617149353 13 82
4.667832612991333 13 29
4.680800199508667 13 29
4.687633752822876 13 29
4.694969177246094 12 0
4.701731443405151 12 -21
4.709060907363892 11 -56
4.715800762176514 11 -52
4.721612930297852 10 -45
4.728362560272217 9 -72
4.735702276229858 8 -114
4.741538763046265 7 -132
4.7495667934417725 6 -144
4.7563066482543945 5 -157
4.762705564498901 4 -160
4.776736736297607 2 -167
4.782884120941162 0 -166
4.789527893066406 -1 -161
4.796728849411011 -2 -155
4.804427146911621 -3 -147
4.810436010360718 -3 -139
4.817368984222412 -4 -129
4.824272871017456 -4 -119
4.830344200134277 -5 -85
4.8375084400177 -5 -73
4.844403028488159 -5 -73
4.851426601409912 -5 -73
4.858407497406006 -5 -73
4.865497827529907 -5 -20
4.871474504470825 -4 0
4.878201007843018 -4 18
4.885321855545044 -3 40
4.891332387924194 -3 91
4.898150444030762 -2 41
4.906016111373901 -1 92
4.9123876094818115 0 120
4.919354200363159 1 135
4.926103591918945 2 148
4.932276964187622 4 160
4.939187288284302 4 162
4.945919036865234 6 168
4.953887939453125 7 159
4.95981240272522 8 160
4.966975927352905 8 153
4.973988771438599 10 147
4.979890584945679 10 137
4.986947774887085 11 130
4.993895530700684 12 120
4.999813795089722 12 82
