0 0 0
0.005728244781494141 0 0
0.012634515762329102 0 0
0.019476890563964844 1 2
0.02574443817138672 1 7
0.03345489501953125 2 18
0.04052138328552246 2 77
0.046540021896362305 3 95
0.05347871780395508 4 72
0.06039929389953613 5 111
0.0664052963256836 6 131
0.07551765441894531 7 149
0.08453512191772461 9 154
0.09167003631591797 10 159
0.09764838218688965 11 162
0.10462546348571777 12 167
0.11171221733093262 13 170
0.11775469779968262 14 172
0.12459301948547363 16 172
0.13289618492126465 17 171
0.13945364952087402 18 168
0.1458292007446289 19 165
0.15289068222045898 20 162
0.15995168685913086 21 162
0.1659107208251953 22 156
0.17296051979064941 23 148
0.17991089820861816 24 142
0.18697667121887207 25 134
0.19371461868286133 26 130
0.2010190486907959 26 120
0.2070150375366211 27 114
0.21375751495361328 28 95
0.22104382514953613 28 89
0.22705864906311035 29 83
0.23459339141845703 29 70
0.24173450469970703 29 70
0.24779868125915527 29 55
0.25460195541381836 30 55
0.2617032527923584 30 55
0.26770758628845215 30 55
0.2746083736419678 30 55
0.28198909759521484 30 55
0.2895219326019287 29 14
0.2958557605743408 29 14
0.30289745330810547 29 0
0.3090512752532959 29 0
0.31569886207580566 28 -13
0.32251620292663574 28 -27
0.32950830459594727 27 -48
0.336956262588501 27 -59
0.3438687324523926 26 -77
0.3511025905609131 26 -85
0.35712647438049316 25 -91
0.36902451515197754 23 -96
0.3777430057525635 22 -108
0.38590002059936523 21 -126
0.3931694030761719 20 -130
0.40030694007873535 19 -144
0.4063451290130615 18 -150
0.4133262634277344 17 -156
0.4202537536621094 16 -162
0.42616820335388184 15 -171
0.43320226669311523 14 -181
0.44109249114990234 12 -185
0.44712042808532715 11 -188
0.4538273811340332 9 -191
0.46114206314086914 8 -195
0.4671308994293213 7 -199
0.4738476276397705 5 -201
0.4811410903930664 4 -203
0.4882369041442871 2 -208
0.49501609802246094 1 -210
0.5018570423126221 -1 -213
0.5078299045562744 -2 -213
0.5146064758300781 -3 -214
0.5220253467559814 -5 -215
0.5281953811645508 -6 -213
0.535024881362915 -8 -213
0.5429205894470215 -9 -214
0.549473762512207 -11 -213
0.5558204650878906 -12 -208
0.5626270771026611 -13 -199
0.5695340633392334 -15 -195
0.5758402347564697 -16 -195
0.5830526351928711 -17 -192
0.591177225112915 -19 -191
0.5972630977630615 -20 -179
0.6039869785308838 -21 -174
0.611175537109375 -22 -169
0.6172170639038086 -23 -156
0.623960018157959 -24 -156
0.6311767101287842 -25 -148
0.6372168064117432 -26 -138
0.6452887058258057 -26 -129
0.6520605087280273 -27 -125
0.6582701206207275 -28 -111
0.6651322841644287 -28 -111
0.6719150543212891 -29 -92
0.6777725219726562 -29 -85
0.6845533847808838 -30 -73
0.6924571990966797 -30 -62
0.6990768909454346 -30 -62
0.7057468891143799 -30 -62
0.7125222682952881 -30 -62
0.7195038795471191 -31 -42
0.7258551120758057 -31 -42
0.7328982353210449 -31 -42
0.7395384311676025 -30 -15
0.7469415664672852 -30 -15
0.7536957263946533 -30 -15
0.7610094547271729 -30 0
0.7733829021453857 -29 13
0.7805345058441162 -29 32
0.786583423614502 -28 42
0.794487714767456 -28 70
0.8017532825469971 -27 81
0.8077676296234131 -26 89
0.8145937919616699 -26 84
0.8219442367553711 -25 92
0.8278305530548096 -24 106
0.8346250057220459 -23 117
0.8429131507873535 -22 129
0.8500444889068604 -21 137
0.8560276031494141 -20 150
0.863072395324707 -19 156
0.8700499534606934 -17 163
0.876013994216919 -16 175
0.8833417892456055 -15 182
0.8902580738067627 -14 189
0.8973262310028076 -12 189
0.9040770530700684 -11 198
0.911262035369873 -10 197
0.9172208309173584 -8 198
0.9239354133605957 -7 201
0.931145429611206 -5 207
0.937157392501831 -4 205
0.9453003406524658 -3 206
0.9520559310913086 -1 213
0.958251953125 0 211
0.9650187492370605 2 215
0.9718713760375977 4 218
0.9777507781982422 5 210
0.9849591255187988 6 214
0.9917519092559814 8 211
1.0000779628753662 9 210
1.0059800148010254 11 207
1.0130679607391357 12 204
1.020033597946167 13 198
1.02598237991333 15 198
1.0330915451049805 16 192
1.040052890777588 17 189
1.0471563339233398 18 180
1.053917407989502 19 168
1.0612738132476807 20 164
1.0672800540924072 22 160
1.075012445449829 22 155
1.0819227695465088 24 148
1.0878303050994873 24 140
1.094635248184204 25 128
1.1028928756713867 26 124
1.110002040863037 27 114
1.1159257888793945 27 99
1.1231331825256348 28 88
1.130079984664917 28 88
1.1359903812408447 28 75
1.1430673599243164 29 63
1.1511716842651367 29 63
1.1571967601776123 29 63
1.1639375686645508 29 44
1.176579475402832 29 44
1.183793544769287 29 16
1.1911115646362305 29 16
1.1983046531677246 29 16
1.2052268981933594 28 0
1.2120354175567627 28 0
1.2181675434112549 28 -13
1.2251081466674805 27 -31
1.2319509983062744 27 -43
1.237936019897461 26 -59
1.2452213764190674 26 -69
1.2530956268310547 25 -85
1.2600805759429932 24 -93
1.2660257816314697 24 -90
1.273080825805664 23 -96
1.279982328414917 22 -110
1.2859008312225342 21 -123
1.2929487228393555 20 -131
1.3006591796875 19 -141
1.306950569152832 18 -148
1.31370210647583 17 -153
1.3206231594085693 16 -164
1.326601505279541 15 -170
1.3335509300231934 13 -175
1.3404805660247803 12 -180
1.3465428352355957 11 -190
1.3543446063995361 9 -194
1.3615648746490479 8 -198
1.3675310611724854 6 -200
1.3745007514953613 5 -203
1.3815946578979492 3 -206
1.38759183883667 2 -209
1.3944013118743896 1 -210
1.4024248123168945 -1 -211
1.4086663722991943 -3 -216
1.415642261505127 -4 -214
1.4226303100585938 -5 -212
1.4294133186340332 -7 -215
1.4357826709747314 -8 -212
1.4431180953979492 -9 -210
1.4500749111175537 -11 -210
1.457127332687378 -12 -206
1.4638593196868896 -14 -203
1.4710910320281982 -15 -199
1.4771294593811035 -16 -195
1.4839811325073242 -18 -190
1.4911761283874512 -19 -190
1.4972145557403564 -20 -181
1.5053153038024902 -21 -174
1.512101650238037 -22 -159
1.5182483196258545 -23 -155
1.5251641273498535 -24 -154
1.531977891921997 -25 -148
1.5379712581634521 -26 -139
1.545215129852295 -27 -133
1.5520026683807373 -27 -118
1.5599822998046875 -28 -96
1.5659303665161133 -29 -86
1.5804400444030762 -29 -79
1.5865111351013184 -30 -69
1.5936625003814697 -30 -58
1.6011760234832764 -30 -58
1.6082689762115479 -30 -58
1.6151649951934814 -30 -58
1.6219279766082764 -30 -58
1.6279518604278564 -30 -58
1.63517427444458 -30 -58
1.6419403553009033 -30 -58
1.6478252410888672 -30 -19
1.655879020690918 -30 -19
1.6630744934082031 -30 -5
1.6700704097747803 -29 5
1.6760859489440918 -29 17
1.6831388473510742 -29 48
1.690054178237915 -28 48
1.6959819793701172 -28 72
1.7030832767486572 -27 82
1.7109811305999756 -26 98
1.7169702053070068 -25 85
1.7238521575927734 -24 103
1.7310338020324707 -24 114
1.7370662689208984 -23 126
1.7438459396362305 -22 131
1.7511117458343506 -21 142
1.758314847946167 -19 155
1.7652413845062256 -18 163
1.7719910144805908 -17 171
1.7779347896575928 -16 176
1.78511643409729 -15 187
1.7918956279754639 -13 190
1.7977757453918457 -12 197
1.8045878410339355 -10 197
1.8125150203704834 -9 198
1.8189237117767334 -7 200
1.8256914615631104 -6 204
1.8324432373046875 -5 204
1.8390405178070068 -3 207
1.845726490020752 -2 212
1.8524854183197021 -1 214
1.860494613647461 1 215
1.8665177822113037 2 216
1.8735084533691406 4 214
1.8804192543029785 5 212
1.8864631652832031 7 212
1.8935916423797607 8 211
1.9006359577178955 10 209
1.9066429138183594 11 204
1.9144797325134277 12 204
1.9216763973236084 14 198
1.9277005195617676 15 195
1.9345388412475586 16 186
1.9416708946228027 18 179
1.9477002620697021 18 174
1.9545505046844482 19 170
1.9628925323486328 21 163
1.974078893661499 23 154
1.9825022220611572 23 143
1.9894540309906006 24 137
1.9972302913665771 25 124
2.0041093826293945 26 116
2.012125253677368 27 110
2.018444061279297 27 91
2.025358200073242 28 83
2.032142400741577 28 71
2.038264751434326 28 71
2.0451831817626953 28 57
2.051952838897705 29 57
2.057950735092163 29 57
2.0657565593719482 29 57
2.0735151767730713 29 57
2.0806071758270264 29 57
2.0866074562072754 29 57
2.0935866832733154 29 57
2.100511074066162 28 6
2.1065285205841064 28 6
2.114412546157837 28 -6
2.121522903442383 27 -20
2.127565860748291 27 -65
2.1344282627105713 26 -54
2.1416964530944824 26 -66
2.1477253437042236 25 -84
2.1551432609558105 25 -92
2.161935567855835 24 -88
2.169922351837158 23 -95
2.175915002822876 22 -109
2.189927101135254 20 -131
2.1959245204925537 19 -141
2.2031750679016113 18 -147
2.210073232650757 17 -157
2.2171547412872314 16 -161
2.223928213119507 14 -171
2.231102228164673 13 -177
2.237104654312134 12 -182
2.243878126144409 10 -189
2.251145124435425 9 -193
2.2571516036987305 8 -196
2.265235185623169 6 -199
2.271991729736328 5 -200
2.277949333190918 4 -205
2.2851152420043945 2 -208
2.291903257369995 1 -208
2.2977442741394043 -1 -211
2.3046538829803467 -2 -213
2.311722993850708 -4 -214
2.319917917251587 -5 -215
2.3258919715881348 -7 -214
2.332948684692383 -8 -213
2.3395187854766846 -10 -212
2.345851182937622 -11 -209
2.352928400039673 -12 -208
2.3594553470611572 -14 -206
2.3669800758361816 -15 -199
2.3805906772613525 -18 -191
2.386601448059082 -19 -184
2.393796682357788 -20 -182
2.40116286277771 -21 -172
2.407177686691284 -22 -166
2.414155960083008 -23 -158
2.422279119491577 -24 -147
2.4285175800323486 -25 -146
2.4354965686798096 -26 -137
2.442502498626709 -27 -129
2.4489569664001465 -28 -121
2.455702066421509 -28 -113
2.4624838829040527 -29 -93
2.4704620838165283 -29 -85
2.476494789123535 -30 -78
2.4835150241851807 -30 -69
2.4904286861419678 -30 -69
2.4964826107025146 -30 -69
2.5036699771881104 -31 -46
2.510549306869507 -31 -46
2.516613006591797 -31 -46
2.524465560913086 -31 -46
2.531567335128784 -31 -46
2.537611484527588 -30 -15
2.544625997543335 -30 -15
2.5517306327819824 -30 -15
2.5577497482299805 -30 12
2.5734262466430664 -29 29
2.5859594345092773 -28 69
2.6014950275421143 -26 85
2.615816593170166 -24 96
2.630565881729126 -23 118
2.6454012393951416 -21 134
2.658461332321167 -19 159
2.6725950241088867 -16 172
2.687779664993286 -13 183
2.6971640586853027 -12 188
2.703907012939453 -11 193
2.7110562324523926 -9 196
2.717057704925537 -8 198
2.7238259315490723 -6 200
2.734501600265503 -4 207
2.750934600830078 -1 213
2.760629653930664 1 216
2.7672088146209717 3 215
2.7805721759796143 5 212
2.786608934402466 7 214
2.7936954498291016 8 209
2.8020718097686768 10 206
2.808436393737793 11 207
2.8153936862945557 13 199
2.8222267627716064 14 199
2.8284103870391846 15 189
2.8353545665740967 16 187
2.842118978500366 17 177
2.850043296813965 19 172
2.855968475341797 20 166
2.863077402114868 21 158
2.870168924331665 22 155
2.8760881423950195 23 151
2.8831491470336914 23 142
2.8900856971740723 24 134
2.897193670272827 25 121
2.9039368629455566 26 116
2.911111831665039 26 96
2.917120933532715 27 91
2.9238574504852295 27 82
2.9312305450439453 28 72
2.937239408493042 28 72
2.943965435028076 28 72
2.9520838260650635 28 51
2.9582791328430176 28 51
2.965224504470825 28 51
2.9720304012298584 28 51
2.978184461593628 28 51
2.985114336013794 28 14
2.9920706748962402 28 14
3.000039577484131 28 14
3.0059924125671387 27 0
3.0130701065063477 27 -12
3.0200796127319336 26 -27
3.0260398387908936 26 -49
3.033134698867798 26 -62
3.040074586868286 25 -71
3.0460317134857178 24 -88
3.0539438724517822 23 -96
3.0613038539886475 23 -84
3.0673530101776123 22 -99
3.086538314819336 18 -135
3.1026053428649902 17 -154
3.125197410583496 13 -170
3.1433067321777344 10 -188
3.1600427627563477 5 -197
3.1872854232788086 0 -208
3.2040562629699707 -3 -217
3.2244176864624023 -11 -216
3.25900936126709 -16 -214
3.2824769020080566 -20 -211
3.2920336723327637 -22 -204
3.2981956005096436 -23 -192
3.3059043884277344 -24 -183
3.3130600452423096 -25 -174
3.3202083110809326 -26 -166
3.3261537551879883 -27 -163
3.3332207202911377 -28 -152
3.34015154838562 -29 -139
3.346097707748413 -30 -131
3.3533129692077637 -30 -124
3.361276626586914 -31 -95
3.3672220706939697 -31 -90
3.3739430904388428 -32 -79
3.3811442852020264 -32 -79
3.387155055999756 -32 -62
3.3938958644866943 -33 -62
3.4010698795318604 -33 -62
3.4079742431640625 -33 -48
3.4152228832244873 -33 -48
3.4220163822174072 -33 -48
3.4281835556030273 -33 -16
3.4351067543029785 -33 -16
3.4419193267822266 -33 -16
3.4478042125701904 -32 0
3.4557833671569824 -32 0
3.4629151821136475 -32 14
3.4699788093566895 -31 30
3.475944995880127 -31 42
3.4830410480499268 -30 54
3.4899394512176514 -30 70
3.495912551879883 -29 86
3.5029149055480957 -29 92
3.510632276535034 -28 90
3.516622304916382 -27 97
3.5236289501190186 -26 109
3.530965566635132 -25 122
3.536989688873291 -24 132
3.543724536895752 -23 136
3.5506227016448975 -22 152
3.557690143585205 -21 157
3.5645720958709717 -20 168
3.571753740310669 -18 175
3.5846054553985596 -16 186
3.593080759048462 -14 189
3.600313425064087 -13 193
3.606329917907715 -11 196
3.614169120788574 -10 200
3.6213133335113525 -9 206
3.627312421798706 -7 209
3.634000301361084 -6 207
3.641219139099121 -4 213
3.647193431854248 -2 210
3.6643309593200684 1 218
3.671436071395874 2 214
3.6774086952209473 4 214
3.684105396270752 5 215
3.6912732124328613 6 215
3.6972765922546387 8 214
3.7039592266082764 9 207
3.7121059894561768 11 202
3.718412399291992 12 192
3.7256100177764893 13 193
3.7324318885803223 15 188
3.7386648654937744 16 178
3.7456905841827393 17 175
3.7524826526641846 18 162
3.7590246200561523 19 158
3.766594886779785 20 152
3.773744821548462 21 148
3.7809267044067383 22 141
3.786980628967285 22 131
3.7937417030334473 23 127
3.8006198406219482 24 123
3.806628704071045 24 115
3.814448356628418 25 87
3.821592330932617 26 76
3.8276150226593018 26 76
3.8346166610717773 26 62
3.8419747352600098 26 62
3.847965955734253 26 62
3.854973077774048 26 62
3.862544298171997 27 40
3.869072675704956 27 40
3.8757565021514893 26 16
3.8826003074645996 26 16
3.889915704727173 26 16
3.895857572555542 26 0
3.9026308059692383 26 0
3.909058094024658 25 -13
3.9166419506073 25 -35
3.923614263534546 24 -41
3.9305245876312256 24 -58
3.9365856647491455 23 -70
3.943608522415161 23 -78
3.950939416885376 22 -93
3.95697021484375 21 -83
3.964606285095215 20 -97
3.9720349311828613 19 -112
3.9844906330108643 18 -130
3.991758346557617 16 -139
3.997814416885376 15 -146
4.005191326141357 14 -153
4.01224946975708 13 -163
4.020222187042236 12 -171
4.02617335319519 11 -176
4.033257722854614 9 -182
4.040110111236572 8 -186
4.046031475067139 7 -196
4.05306601524353 6 -197
4.05997633934021 4 -200
4.066646099090576 3 -202
4.074501037597656 1 -206
4.081623554229736 -1 -208
4.087681770324707 -2 -208
4.094540596008301 -3 -214
4.1019508838653564 -5 -216
4.107936143875122 -6 -215
4.114657640457153 -8 -216
4.122900009155273 -9 -213
4.130064487457275 -11 -213
4.136064767837524 -12 -211
4.143137216567993 -14 -209
4.150073289871216 -15 -207
4.156009912490845 -16 -204
4.16309928894043 -18 -202
4.171064376831055 -19 -195
4.1771275997161865 -20 -189
4.183868169784546 -22 -183
4.192461013793945 -23 -178
4.198955297470093 -24 -172
4.205721855163574 -25 -162
4.21251368522644 -26 -160
4.220507860183716 -27 -151
4.226579189300537 -28 -140
4.23372745513916 -29 -137
4.240646600723267 -30 -126
4.246639728546143 -30 -118
4.253737449645996 -31 -98
4.260624408721924 -31 -91
4.266634702682495 -32 -78
4.274392127990723 -32 -78
4.28151798248291 -32 -78
4.2875213623046875 -33 -63
4.294349193572998 -33 -63
4.301480054855347 -33 -47
4.30751895904541 -33 -47
4.314501762390137 -33 -47
4.322444200515747 -33 -16
4.328951358795166 -33 -16
4.335694074630737 -33 -16
4.342473745346069 -32 0
4.348656892776489 -32 0
4.355564594268799 -32 13
4.362496614456177 -32 13
4.369493722915649 -31 41
4.381585597991943 -30 54
4.390347242355347 -29 78
4.3963782787323 -29 86
4.40353798866272 -28 92
4.41061544418335 -27 90
4.4166483879089355 -27 103
4.42436408996582 -25 116
4.4316675662994385 -24 128
4.437683343887329 -23 135
4.44451379776001 -22 146
4.451631546020508 -21 155
4.457651615142822 -20 163
4.464468002319336 -19 169
4.472440719604492 -18 176
4.478657484054565 -16 186
4.485630035400391 -15 190
4.492622375488281 -14 191
4.499034643173218 -12 193
4.50574803352356 -11 196
4.512500524520874 -10 203
4.518950939178467 -8 208
4.526522159576416 -7 212
4.5335352420806885 -5 210
4.540478944778442 -4 211
4.546522617340088 -2 213
4.553653717041016 -1 212
4.562308073043823 1 215
4.568918704986572 3 215
4.5765016078948975 4 214
4.583656072616577 6 210
4.5916924476623535 7 211
4.59771466255188 9 206
4.604647874832153 10 199
4.6120851039886475 11 195
4.618535280227661 13 195
4.626383543014526 14 189
4.633408308029175 15 179
4.640323638916016 16 173
4.6531922817230225 18 164
4.660120964050293 19 156
4.666068077087402 20 152
4.673280954360962 21 142
4.681206226348877 22 136
4.6873016357421875 23 130
4.693977117538452 24 126
4.701154470443726 24 119
4.7071533203125 25 112
4.713914394378662 25 93
4.721191883087158 26 81
4.728396892547607 26 67
4.73529314994812 26 67
4.742041826248169 26 67
4.748377561569214 27 49
4.755281209945679 27 49
4.762070417404175 27 49
4.7682483196258545 27 49
4.775112628936768 27 49
4.789456605911255 26 12
4.795828342437744 26 12
4.803079128265381 26 0
4.810112237930298 26 0
4.816019296646118 25 -11
4.823068618774414 25 -25
4.830984115600586 24 -51
4.837026119232178 24 -65
4.843749284744263 23 -76
4.851168632507324 22 -90
4.8571717739105225 22 -89
4.8639140129089355 21 -102
4.871112585067749 20 -108
4.877116918563843 19 -121
4.885254621505737 18 -129
4.892059326171875 17 -137
4.898183345794678 16 -147
4.90501856803894 15 -153
4.912070989608765 13 -165
4.918249130249023 12 -172
4.92517614364624 11 -179
4.93262791633606 10 -184
4.939038276672363 8 -188
4.945711851119995 7 -189
4.952494144439697 6 -198
4.95889687538147 4 -200
4.965635299682617 3 -201
4.972508192062378 2 -206
4.980323791503906 0 -207
4.986401319503784 -1 -209
4.993394374847412 -3 -214
