0 0 0
0.006425142288208008 0 0
0.013321161270141602 0 0
0.020453929901123047 0 2
0.02771735191345215 1 6
0.03444099426269531 1 14
0.04139256477355957 2 35
0.04778122901916504 3 97
0.054451942443847656 4 55
0.06124591827392578 4 111
0.0673987865447998 5 121
0.07515954971313477 6 138
0.08229970932006836 8 144
0.08923578262329102 9 154
0.09523510932922363 9 153
0.10239434242248535 11 156
0.10930895805358887 12 155
0.11533904075622559 12 145
0.12233257293701172 13 145
0.13020777702331543 15 138
0.13620972633361816 15 132
0.14297032356262207 16 129
0.15015125274658203 17 122
0.1561260223388672 17 116
0.16296696662902832 18 97
0.17013907432556152 18 88
0.1772449016571045 19 79
0.1842508316040039 19 79
0.19104266166687012 19 62
0.19725966453552246 19 62
0.2042090892791748 19 62
0.21119141578674316 19 62
0.2177891731262207 19 17
0.22448468208312988 19 17
0.2322688102722168 18 0
0.23915719985961914 18 -15
0.24529361724853516 18 -33
0.252272367477417 17 -58
0.2592151165008545 16 -71
0.2652907371520996 16 -83
0.27231264114379883 15 -74
0.2804074287414551 14 -96
0.28643321990966797 13 -112
0.29323601722717285 12 -125
0.3003532886505127 11 -138
0.30640363693237305 10 -147
0.31320619583129883 9 -156
0.3203301429748535 8 -164
0.3277473449707031 6 -179
0.33445310592651367 5 -185
0.3413729667663574 4 -190
0.35485219955444336 1 -195
0.36205554008483887 0 -198
0.36908650398254395 -2 -203
0.375169038772583 -3 -204
0.38312339782714844 -5 -203
0.39025092124938965 -6 -203
0.3962743282318115 -8 -201
0.40323805809020996 -9 -201
0.41038942337036133 -10 -196
0.416409969329834 -11 -189
0.4232635498046875 -12 -179
0.4312295913696289 -14 -172
0.4376561641693115 -15 -168
0.44440317153930664 -16 -163
0.45122861862182617 -17 -150
0.45783162117004395 -18 -144
0.46449947357177734 -18 -133
0.47164297103881836 -19 -126
0.4777846336364746 -20 -118
0.48529744148254395 -20 -97
0.492295503616333 -21 -82
0.499255895614624 -21 -67
0.5052978992462158 -21 -67
0.5123088359832764 -21 -67
0.5193705558776855 -21 -67
0.5253770351409912 -21 -67
0.5332150459289551 -21 -67
0.5404152870178223 -21 -67
0.5464107990264893 -21 -14
0.5532081127166748 -20 0
0.5602812767028809 -20 14
0.5662848949432373 -19 29
0.573117733001709 -19 66
0.5803735256195068 -18 90
0.5876595973968506 -17 98
0.5943727493286133 -16 92
0.60129714012146 -16 111
0.6076500415802002 -14 125
0.6144218444824219 -14 133
0.6211996078491211 -13 146
0.6273765563964844 -11 155
0.6351902484893799 -10 163
0.6422982215881348 -9 171
0.6492030620574951 -8 182
0.6552121639251709 -7 185
0.6622428894042969 -5 195
0.6691360473632812 -4 197
0.675178050994873 -3 197
0.6821894645690918 -1 199
0.6901991367340088 1 202
0.6961891651153564 2 203
0.7031028270721436 3 206
0.7101759910583496 5 204
0.7161839008331299 6 199
0.7228479385375977 7 196
0.7301633358001709 9 192
0.7372512817382812 10 185
0.7442283630371094 12 169
0.7565131187438965 13 160
0.7639493942260742 14 157
0.7708613872528076 15 146
0.7771813869476318 16 141
0.7847959995269775 16 132
0.7918894290924072 17 124
0.7988276481628418 18 90
0.8047609329223633 18 90
0.811826229095459 18 80
0.818920373916626 19 67
0.824831485748291 19 67
0.8318967819213867 19 67
0.839923620223999 19 67
0.8459229469299316 19 67
0.8526661396026611 19 67
0.8600080013275146 18 15
0.8659989833831787 18 0
0.8726842403411865 18 0
0.8800110816955566 17 -14
0.8870546817779541 17 -63
0.8939788341522217 16 -78
0.9007785320281982 15 -89
0.9069278240203857 14 -79
0.9137132167816162 14 -103
0.9204573631286621 13 -110
0.9264833927154541 12 -132
0.933307409286499 11 -150
0.9413900375366211 9 -153
0.9477705955505371 8 -167
0.9544456005096436 7 -169
0.9612164497375488 6 -179
0.9674065113067627 4 -184
0.9743640422821045 3 -187
0.9811708927154541 2 -197
0.9892473220825195 0 -199
0.9953041076660156 -1 -202
1.0032072067260742 -3 -203
1.0103123188018799 -4 -205
1.0163321495056152 -6 -203
1.0231711864471436 -7 -200
1.0303113460540771 -8 -196
1.0363552570343018 -10 -194
1.0442402362823486 -11 -192
1.0510141849517822 -12 -180
1.0573902130126953 -13 -173
1.0643410682678223 -14 -166
1.0711510181427002 -15 -162
1.0773932933807373 -16 -157
1.084378719329834 -17 -147
1.0922751426696777 -18 -139
1.0992131233215332 -18 -122
1.1052184104919434 -19 -115
1.1122407913208008 -20 -95
1.1193609237670898 -20 -85
1.1253635883331299 -20 -85
1.1323108673095703 -21 -69
1.1392443180084229 -21 -69
1.1513557434082031 -21 -50
1.1600232124328613 -21 -20
1.1660513877868652 -21 -20
1.1728625297546387 -21 -20
1.1802806854248047 -20 0
1.1862504482269287 -20 17
1.1941258907318115 -20 40
1.2009391784667969 -19 48
1.2071173191070557 -18 68
1.2140052318572998 -18 83
1.2207789421081543 -17 65
1.2269210815429688 -16 97
1.2334051132202148 -15 116
1.2407348155975342 -14 129
1.2488431930541992 -13 146
1.2547688484191895 -12 150
1.2618498802185059 -11 161
1.268697738647461 -9 170
1.2746086120605469 -8 179
1.2813847064971924 -7 185
1.2878148555755615 -6 189
1.2953901290893555 -4 195
1.3025076389312744 -3 198
1.3094189167022705 -2 202
1.3156583309173584 0 199
1.3224060535430908 1 206
1.3292968273162842 2 199
1.3353147506713867 4 199
1.3422768115997314 5 198
1.3503077030181885 7 195
1.3562750816345215 8 194
1.3632121086120605 9 187
1.3703126907348633 10 182
1.3763368129730225 11 174
1.3833286762237549 12 166
1.3904190063476562 13 157
1.397386074066162 14 151
1.404367208480835 15 137
1.4111483097076416 16 129
1.4177908897399902 16 122
1.4244554042816162 17 97
1.4312279224395752 17 80
1.4376721382141113 18 80
1.4452683925628662 18 65
1.4522535800933838 18 65
1.4591777324676514 18 65
1.4652061462402344 18 65
1.4722154140472412 18 65
1.4792723655700684 18 65
1.4852933883666992 18 15
1.4939193725585938 18 0
1.501945972442627 17 -14
1.5091259479522705 17 -30
1.5151288509368896 16 -61
1.5229065418243408 15 -77
1.530306100845337 14 -97
1.5363364219665527 14 -92
1.5433943271636963 13 -116
1.5582118034362793 11 -131
1.5645277500152588 10 -147
1.5717015266418457 9 -155
1.5782794952392578 7 -163
1.5845932960510254 6 -170
1.5913176536560059 5 -178
1.5993735790252686 4 -186
1.6053555011749268 2 -191
1.6123027801513672 1 -197
1.61924409866333 0 -197
1.625303030014038 -2 -201
1.6322963237762451 -3 -202
1.6393835544586182 -5 -202
1.6453735828399658 -6 -204
1.6531496047973633 -7 -202
1.660449743270874 -9 -199
1.6664626598358154 -10 -195
1.673288345336914 -11 -185
1.6804146766662598 -12 -184
1.6864302158355713 -14 -174
1.6932547092437744 -14 -168
1.7012057304382324 -16 -161
1.70766282081604 -17 -153
1.7144339084625244 -18 -143
1.7213859558105469 -18 -137
1.7277779579162598 -19 -124
1.7344598770141602 -20 -118
1.7412197589874268 -20 -96
1.7473878860473633 -21 -82
1.7551281452178955 -21 -82
1.7620866298675537 -21 -65
1.76918625831604 -21 -65
1.7751965522766113 -21 -65
1.7823498249053955 -21 -65
1.7892847061157227 -21 -65
1.795325517654419 -21 -65
1.8031699657440186 -21 -15
1.8102810382843018 -20 0
1.8162627220153809 -20 14
1.823094367980957 -19 31
1.8301877975463867 -19 64
1.8361589908599854 -18 90
1.8431038856506348 -17 98
1.850229024887085 -16 91
1.8573005199432373 -15 111
1.864224910736084 -14 125
1.87099027633667 -14 137
1.8771252632141113 -13 148
1.8840177059173584 -12 153
1.890782117843628 -10 160
1.8967063426971436 -9 170
1.9047231674194336 -8 182
1.911771535873413 -7 185
1.9186615943908691 -5 195
1.9245774745941162 -4 194
1.9313738346099854 -2 198
1.9377856254577637 -1 199
1.944474697113037 0 202
1.9592156410217285 3 202
1.9652283191680908 4 199
1.9723708629608154 6 199
1.979398488998413 7 196
1.985356330871582 8 193
1.9922912120819092 10 186
2.0016913414001465 11 178
2.0093843936920166 12 167
2.015368700027466 13 163
2.0224690437316895 14 156
2.0297422409057617 15 144
2.035745143890381 16 135
2.0424063205718994 17 123
2.0493063926696777 17 113
2.0563387870788574 18 91
2.0631608963012695 18 77
2.0702645778656006 18 77
2.0762946605682373 19 64
2.083277463912964 19 64
2.090362787246704 19 64
2.096414566040039 19 64
2.1032025814056396 19 64
2.1112096309661865 19 15
2.1174206733703613 18 15
2.124390125274658 18 0
2.1311264038085938 18 -14
2.137705087661743 17 -31
2.1444203853607178 16 -63
2.151233673095703 16 -77
2.159381151199341 15 -98
2.165374517440796 14 -92
2.1723291873931885 13 -103
2.1792068481445312 12 -124
2.192068338394165 10 -141
2.1991124153137207 9 -155
2.205070734024048 8 -166
2.2127482891082764 7 -173
2.219905376434326 6 -179
2.2259109020233154 4 -185
2.2326037883758545 3 -190
2.2397024631500244 2 -196
2.2457048892974854 0 -196
2.2524631023406982 -1 -200
2.260361671447754 -3 -202
2.2663567066192627 -4 -203
2.273144006729126 -5 -201
2.280271530151367 -7 -202
2.2862963676452637 -8 -198
2.29325270652771 -9 -193
2.3003909587860107 -11 -187
2.3064475059509277 -12 -180
2.3144736289978027 -13 -176
2.321378707885742 -14 -170
2.328854560852051 -15 -161
2.334787607192993 -16 -153
2.341839075088501 -17 -143
2.348755359649658 -18 -131
2.362274408340454 -19 -116
2.3693408966064453 -20 -92
2.3753695487976074 -20 -81
2.3825764656066895 -20 -81
2.3897721767425537 -21 -68
2.395733118057251 -21 -68
2.40246844291687 -21 -52
2.409360408782959 -21 -52
2.416299343109131 -21 -20
2.423252820968628 -21 -20
2.4303677082061768 -21 -20
2.4364004135131836 -20 0
2.4433815479278564 -20 17
2.4504761695861816 -19 40
2.4564549922943115 -19 50
2.4644503593444824 -18 68
2.4712114334106445 -18 94
2.477404832839966 -17 68
2.4843685626983643 -16 97
2.491128921508789 -15 115
2.4977798461914062 -14 131
2.504439115524292 -13 139
2.5112128257751465 -12 152
2.5192298889160156 -10 160
2.525247573852539 -9 174
2.5322177410125732 -8 179
2.539139747619629 -7 185
2.5451602935791016 -6 189
2.552314519882202 -4 197
2.5593912601470947 -3 195
2.566481828689575 -1 202
2.573255777359009 0 201
2.5803165435791016 2 201
2.5862929821014404 3 206
2.5930912494659424 4 202
2.6001734733581543 6 203
2.606194019317627 7 191
2.6128504276275635 8 191
2.6209585666656494 9 181
2.627176523208618 10 182
2.6341094970703125 11 170
2.640861988067627 13 165
2.6469860076904297 14 160
2.6537656784057617 14 151
2.6606221199035645 15 137
2.6681697368621826 16 126
2.6745238304138184 17 119
2.68176007270813 17 98
2.6882619857788086 18 83
2.6946239471435547 18 83
2.7013771533966064 18 64
2.7078089714050293 18 64
2.7145071029663086 18 64
2.7223734855651855 18 64
2.7292888164520264 18 64
2.735302209854126 18 64
2.742433786392212 18 64
2.7493484020233154 18 0
2.7621841430664062 17 0
2.7702414989471436 16 -28
2.776280403137207 16 -67
2.7833168506622314 15 -80
2.790645122528076 14 -99
2.7964932918548584 14 -95
2.8034205436706543 13 -103
2.81078839302063 12 -118
2.8183109760284424 10 -139
2.824620485305786 10 -149
2.831388235092163 8 -158
2.8377623558044434 7 -165
2.8444480895996094 6 -179
2.851165533065796 5 -184
2.857717752456665 3 -189
2.864412546157837 2 -190
2.8722498416900635 0 -199
2.8791146278381348 -1 -199
2.885120153427124 -2 -205
2.8920624256134033 -3 -202
2.898977041244507 -5 -206
2.90488862991333 -6 -198
2.9119107723236084 -7 -199
2.919919013977051 -9 -194
2.92592453956604 -10 -189
2.9327163696289062 -11 -183
2.9401023387908936 -12 -178
2.946101427078247 -14 -167
2.9529008865356445 -15 -165
2.960092306137085 -15 -157
2.9661006927490234 -16 -144
2.9739842414855957 -17 -138
2.980875015258789 -18 -132
2.9870009422302246 -19 -124
2.9938721656799316 -19 -116
3.001279592514038 -20 -94
3.0077216625213623 -20 -83
3.0143728256225586 -21 -66
3.022265911102295 -21 -66
3.0291919708251953 -21 -66
3.0352089405059814 -21 -66
3.0423457622528076 -21 -66
3.0492568016052246 -21 -66
3.0553085803985596 -21 -66
3.0622782707214355 -20 -13
3.0693721771240234 -20 -13
3.076408624649048 -20 0
3.083204984664917 -19 13
3.0903048515319824 -18 67
3.096292495727539 -18 83
3.10322904586792 -17 44
3.110370397567749 -16 84
3.116360664367676 -16 107
3.124361276626587 -14 123
3.131098508834839 -13 136
3.1373002529144287 -12 143
3.144303798675537 -11 155
3.1510872840881348 -9 170
3.164052963256836 -8 180
3.170966625213623 -6 189
3.179102897644043 -5 199
3.18512225151062 -4 197
3.1922247409820557 -2 200
3.1993565559387207 -1 199
3.2053403854370117 1 202
3.2123122215270996 2 205
3.219374895095825 3 204
3.226361036300659 5 203
3.233161449432373 6 196
3.240245819091797 8 193
3.2462446689605713 9 186
3.252930164337158 10 182
3.260169506072998 11 175
3.2661921977996826 12 162
3.272886037826538 13 157
3.281057596206665 14 149
3.2872464656829834 15 144
3.2941720485687256 16 134
3.3010151386260986 16 128
3.307219982147217 17 118
3.3142006397247314 17 91
3.320984125137329 18 80
3.3291330337524414 18 65
3.335172653198242 18 65
3.3423197269439697 18 65
3.349261999130249 18 65
3.3552908897399902 18 65
3.362278461456299 18 65
3.369201898574829 18 65
3.3752548694610596 18 14
3.3829429149627686 18 14
3.390101194381714 17 0
3.396106719970703 17 -28
3.40297532081604 16 -68
3.4101972579956055 15 -82
3.416208505630493 15 -44
3.4229109287261963 14 -83
3.4309494495391846 13 -104
3.4370944499969482 12 -119
3.4440248012542725 11 -133
3.450788736343384 10 -142
3.457087516784668 9 -157
3.4639389514923096 8 -165
3.4706859588623047 6 -172
3.4765281677246094 5 -181
3.484454870223999 4 -186
3.491217851638794 2 -191
3.4976541996002197 1 -197
3.5043728351593018 0 -198
3.511124849319458 -2 -202
3.517728805541992 -3 -202
3.5244438648223877 -4 -205
3.539735794067383 -7 -201
3.545752763748169 -8 -199
3.5525009632110596 -11 -189
3.5657882690429688 -12 -180
3.5726985931396484 -13 -176
3.5810799598693848 -15 -169
3.587799072265625 -16 -164
3.5944838523864746 -17 -154
3.601278066635132 -17 -143
3.607419013977051 -18 -137
3.614434242248535 -19 -128
3.6211798191070557 -20 -117
3.6276469230651855 -20 -95
3.635258436203003 -20 -79
3.6423776149749756 -21 -79
3.6492557525634766 -21 -66
3.6552894115448 -21 -66
3.6623003482818604 -21 -66
3.669205665588379 -21 -66
3.6752443313598633 -21 -66
3.6829264163970947 -21 -17
3.690067768096924 -20 0
3.696002960205078 -20 15
3.7028324604034424 -20 15
3.7100143432617188 -19 33
3.715979814529419 -18 73
3.722907543182373 -18 86
3.7300240993499756 -17 76
3.7371737957000732 -16 99
3.7440943717956543 -15 108
3.750835657119751 -14 122
3.757092237472534 -13 140
3.7639646530151367 -12 145
3.7706985473632812 -11 153
3.7765750885009766 -10 167
3.784543752670288 -8 173
3.7912824153900146 -7 184
3.797741651535034 -6 186
3.804436206817627 -5 196
3.8111636638641357 -3 196
3.8177711963653564 -2 197
3.8244662284851074 -1 198
3.831233024597168 1 205
3.8392460346221924 2 206
3.8452417850494385 4 207
3.8523459434509277 5 197
3.859290599822998 6 198
3.8653149604797363 8 193
3.8722403049468994 9 193
3.879284381866455 10 188
3.8863027095794678 11 172
3.893134117126465 12 166
3.900214910507202 13 163
3.9061880111694336 14 148
3.91286301612854 15 141
3.9199962615966797 16 137
3.9259493350982666 16 122
3.932663917541504 17 115
3.9408507347106934 18 97
3.94700026512146 18 81
3.953767776489258 18 61
3.966214418411255 19 61
3.973167896270752 19 61
3.9804980754852295 19 61
3.988299608230591 19 61
3.9945952892303467 19 61
4.00249457359314 18 14
4.009383201599121 18 0
4.015315532684326 18 0
4.022269248962402 17 -13
4.0291972160339355 17 -66
4.0352537631988525 16 -80
4.043105125427246 15 -47
4.050218343734741 14 -82
4.056236267089844 13 -105
4.0632078647613525 13 -119
4.070339202880859 11 -131
4.07633376121521 10 -143
4.083135366439819 10 -152
4.09107232093811 8 -165
4.0972113609313965 7 -170
4.104110240936279 6 -178
4.110981225967407 4 -185
4.117329835891724 3 -192
4.124234437942505 2 -195
4.130953073501587 0 -197
4.137178182601929 -1 -200
4.144829034805298 -2 -201
4.151902198791504 -4 -203
4.158797740936279 -5 -202
4.1647515296936035 -7 -203
4.171811580657959 -8 -202
4.178867816925049 -9 -193
4.184818744659424 -10 -184
4.193387746810913 -12 -178
4.200477361679077 -13 -174
4.206470966339111 -14 -172
4.213306665420532 -15 -161
4.220428943634033 -16 -157
4.226447820663452 -17 -145
4.233244180679321 -18 -138
4.2417075634002686 -18 -121
4.2481677532196045 -19 -97
4.2544755935668945 -20 -90
4.261227130889893 -20 -81
4.267418384552002 -20 -81
4.2743775844573975 -21 -65
4.281168460845947 -21 -65
4.28739333152771 -21 -65
4.2952375411987305 -21 -65
4.30235743522644 -21 -65
4.30927038192749 -21 -65
4.315293073654175 -21 -65
4.322270631790161 -20 -14
4.329174518585205 -20 0
4.335185289382935 -20 0
4.34310507774353 -19 28
4.350197792053223 -18 67
4.362689971923828 -17 44
4.370101451873779 -16 83
4.376074314117432 -15 116
4.382892370223999 -14 123
4.390199422836304 -13 141
4.397167682647705 -12 151
4.410446882247925 -10 169
4.416439533233643 -9 176
4.423394441604614 -7 183
4.43042778968811 -6 188
4.436436176300049 -5 194
4.444497108459473 -3 195
4.451298713684082 -2 198
4.457728147506714 0 199
4.464385986328125 1 204
4.471167802810669 2 205
4.4777305126190186 4 203
4.48444390296936 5 198
4.50029730796814 8 191
4.513338327407837 10 176
4.528879165649414 13 158
4.541388988494873 15 148
4.556573152542114 17 128
4.572167634963989 18 116
4.584681510925293 19 83
4.60179328918457 19 69
4.61418604850769 19 69
4.622662305831909 19 69
4.629991292953491 19 69
4.6359453201293945 19 15
4.6426780223846436 19 0
4.64979100227356 18 0
4.655776023864746 17 -30
4.672588348388672 16 -97
4.6853272914886475 14 -98
4.692727327346802 13 -115
4.69992733001709 13 -127
4.705885887145996 12 -138
4.712574481964111 10 -148
4.7208027839660645 9 -161
4.726920127868652 8 -170
4.733366012573242 7 -177
4.740447282791138 5 -184
4.746441602706909 4 -186
4.753227949142456 3 -197
4.766331911087036 0 -197
4.774429559707642 -2 -206
4.7817089557647705 -3 -206
4.788825988769531 -4 -204
4.794756174087524 -6 -196
4.801839590072632 -7 -196
4.808747053146362 -8 -195
4.814686059951782 -9 -190
4.822596788406372 -11 -180
4.829801797866821 -12 -173
4.835785388946533 -13 -166
4.8426618576049805 -14 -160
4.849863767623901 -15 -152
4.855851411819458 -16 -147
4.862617015838623 -16 -135
4.86978006362915 -17 -127
4.8764941692352295 -18 -116
4.883291482925415 -18 -88
4.890664100646973 -19 -77
4.896552562713623 -19 -69
4.903872966766357 -19 -69
4.910644292831421 -19 -69
4.916520595550537 -19 -69
4.9244513511657715 -19 -69
4.931198835372925 -19 -69
4.93739652633667 -19 -69
4.944331884384155 -19 -14
4.951133966445923 -19 0
4.957659006118774 -18 0
4.9642908573150635 -18 13
4.971056938171387 -17 68
4.978996753692627 -16 79
4.984915494918823 -16 99
4.991917371749878 -15 84
4.998811960220337 -14 112
