0 0 0
0.020587921142578125 0 0
0.02774810791015625 0 2
0.044248342514038086 1 6
0.05009031295776367 1 32
0.057227373123168945 2 84
0.06425142288208008 3 17
0.07012224197387695 4 50
0.07712197303771973 5 117
0.08412742614746094 6 134
0.09108209609985352 7 155
0.09775924682617188 8 165
0.10464167594909668 9 176
0.11060738563537598 11 186
0.11757636070251465 12 190
0.12440633773803711 13 197
0.13027215003967285 15 198
0.13731145858764648 16 202
0.1453695297241211 18 204
0.1513056755065918 19 210
0.15797138214111328 21 211
0.1653151512145996 22 215
0.17124223709106445 23 221
0.1779031753540039 25 220
0.1847691535949707 26 225
0.19177913665771484 28 225
0.19858026504516602 30 222
0.20579886436462402 31 224
0.2117619514465332 33 228
0.2185382843017578 34 231
0.2255845069885254 36 230
0.2315225601196289 37 231
0.2381579875946045 39 228
0.24617600440979004 41 229
0.2519989013671875 42 233
0.25983214378356934 44 233
0.26676154136657715 45 234
0.27314305305480957 47 234
0.2798006534576416 49 235
0.28655195236206055 50 236
0.29464125633239746 52 237
0.30063772201538086 53 237
0.3075864315032959 55 238
0.31442737579345703 57 238
0.3202793598175049 58 242
0.32740235328674316 60 238
0.3342556953430176 62 241
0.3401913642883301 63 237
0.3478977680206299 65 235
0.3547351360321045 66 233
0.3607206344604492 68 235
0.3676753044128418 70 237
0.3745419979095459 71 233
0.38051462173461914 72 237
0.38759565353393555 74 234
0.3955259323120117 76 237
0.4014856815338135 78 239
0.40813541412353516 79 234
0.415285587310791 80 237
0.4212782382965088 82 236
0.42809391021728516 84 239
0.44161009788513184 88 242
0.449648380279541 89 239
0.4565417766571045 90 236
0.46306943893432617 92 237
0.469745397567749 94 235
0.47649264335632324 95 235
0.48267221450805664 97 239
0.4895799160003662 98 242
0.4972548484802246 100 242
0.5042786598205566 102 241
0.5101492404937744 103 237
0.5171644687652588 105 234
0.5236854553222656 107 237
0.529921293258667 108 236
0.5366272926330566 110 238
0.5427525043487549 111 236
0.5505447387695312 113 233
0.5576558113098145 115 236
0.5646979808807373 116 235
0.5707004070281982 118 233
0.5776338577270508 119 235
0.5845470428466797 121 235
0.5905137062072754 122 238
0.5982115268707275 124 237
0.605339527130127 126 239
0.6113312244415283 127 239
0.6179981231689453 129 237
0.6252577304840088 130 241
0.6312294006347656 132 235
0.6379029750823975 134 236
0.6447649002075195 136 237
0.6517436504364014 137 237
0.6585392951965332 138 237
0.6655857563018799 140 237
0.6715764999389648 142 238
0.6782774925231934 143 237
0.6856069564819336 145 237
0.691558837890625 146 234
0.699385404586792 148 239
0.7061197757720947 150 237
0.7119603157043457 151 238
0.7186825275421143 153 237
0.7257535457611084 155 238
0.731762170791626 156 236
0.7385275363922119 157 236
0.7457273006439209 159 237
0.7531535625457764 161 235
0.7598135471343994 163 236
0.7665836811065674 164 235
0.7727315425872803 166 237
0.7796096801757812 167 236
0.7863504886627197 169 237
0.7924821376800537 170 236
0.8001277446746826 172 239
0.8073019981384277 174 238
0.8143110275268555 176 237
0.8201937675476074 177 239
0.827258825302124 178 241
0.8387269973754883 182 241
0.8468008041381836 183 239
0.8551149368286133 185 237
0.8608424663543701 186 235
0.8679957389831543 188 235
0.8751311302185059 190 233
0.8811235427856445 191 231
0.887800931930542 193 236
0.8946967124938965 194 233
0.9017641544342041 196 235
0.9085893630981445 198 237
0.9156889915466309 200 237
0.9216606616973877 201 235
0.928551435470581 202 237
0.9355881214141846 204 235
0.9415733814239502 206 235
0.948401927947998 207 239
0.9564099311828613 209 235
0.9625365734100342 211 237
0.9693946838378906 212 235
0.976118803024292 214 237
0.981938362121582 215 240
0.9888243675231934 217 237
0.9958457946777344 219 240
1.0031049251556396 220 236
1.0098075866699219 222 235
1.0165526866912842 223 239
1.0227079391479492 225 234
1.0296075344085693 227 241
1.036407232284546 228 236
1.042680025100708 230 236
1.0496442317962646 231 234
1.0574018955230713 233 234
1.064265251159668 235 238
1.0701382160186768 236 236
1.077312707901001 238 236
1.084106206893921 239 233
1.090024471282959 241 234
1.096789836883545 242 235
1.1048243045806885 244 235
1.1107981204986572 246 239
1.1177074909210205 248 238
1.124579668045044 249 241
1.1305358409881592 250 243
1.1374011039733887 252 237
1.1442670822143555 254 238
1.150191307067871 255 238
1.1579515933990479 257 233
1.1651735305786133 259 241
1.1711299419403076 260 237
1.1777853965759277 262 235
1.184654712677002 263 241
1.190629482269287 265 235
1.19757080078125 266 240
1.204624891281128 268 237
1.2115821838378906 270 239
1.218224048614502 271 238
1.2254869937896729 273 236
1.2313792705535889 276 236
1.2451450824737549 278 237
1.2510721683502197 279 236
1.2663238048553467 283 239
1.2879221439361572 288 240
1.3026139736175537 292 236
1.319382667541504 295 242
1.3411924839019775 302 238
1.3605759143829346 306 236
1.3806023597717285 311 236
1.3987083435058594 315 238
1.418229579925537 319 237
1.4403440952301025 325 234
1.4755206108093262 332 237
1.5025455951690674 340 238
1.521674394607544 345 239
1.5358529090881348 347 241
1.5427415370941162 349 238
1.5496530532836914 350 238
1.5563712120056152 352 234
1.564255952835083 354 239
1.5701513290405273 355 236
1.5771589279174805 357 235
1.5841350555419922 359 236
1.5899999141693115 360 236
1.5971934795379639 361 236
1.6037013530731201 363 237
1.609959363937378 365 236
1.6177186965942383 367 241
1.6245503425598145 368 242
1.630500316619873 370 242
1.6442432403564453 373 239
1.650118112564087 374 234
1.6572508811950684 376 240
1.6652729511260986 378 235
1.671222448348999 379 235
1.6779110431671143 381 238
1.6847858428955078 382 236
1.6907048225402832 384 241
1.6976404190063477 386 238
1.7046680450439453 387 239
1.7106435298919678 389 235
1.718348741531372 390 236
1.725583553314209 392 242
1.7315223217010498 394 241
1.7381172180175781 395 237
1.7452552318572998 397 236
1.7511930465698242 398 235
1.7578911781311035 400 233
1.7658846378326416 402 240
1.771862268447876 403 236
1.778658390045166 405 236
1.7857155799865723 407 234
1.7916929721832275 408 236
1.798353910446167 409 236
1.805478572845459 411 236
1.81138277053833 412 238
1.818812370300293 414 239
1.8260934352874756 416 241
1.8346936702728271 418 239
1.8407063484191895 420 240
1.8476684093475342 421 242
1.8546967506408691 423 243
1.860706090927124 424 240
1.8685550689697266 426 238
1.8756201267242432 428 238
1.881563663482666 430 233
1.8883552551269531 431 241
1.8954496383666992 432 239
1.9013564586639404 434 236
1.9080324172973633 436 240
1.9151408672332764 438 235
1.9218552112579346 439 239
1.9286301136016846 440 236
1.9356954097747803 442 235
1.9416537284851074 444 236
1.9485485553741455 445 239
1.957292079925537 447 236
1.9641437530517578 449 236
1.9711084365844727 450 236
1.977759599685669 452 235
1.9847781658172607 454 237
1.9907288551330566 455 236
1.9976634979248047 457 236
2.004760503768921 459 242
2.010712146759033 460 244
2.017672538757324 462 239
2.025604486465454 464 242
2.0315911769866943 465 239
2.0451676845550537 468 238
2.0511221885681152 470 242
2.057992458343506 471 237
2.0653464794158936 473 235
2.072364330291748 475 241
2.078799247741699 476 234
2.0858423709869385 478 237
2.0917820930480957 479 235
2.0985515117645264 481 232
2.1056768894195557 483 236
2.111642599105835 484 236
2.1185436248779297 486 235
2.126599073410034 488 239
2.13278865814209 489 236
2.139718532562256 491 240
2.146427869796753 492 239
2.152527332305908 494 233
2.1593563556671143 495 240
2.1660726070404053 497 236
2.1732094287872314 499 234
2.179816484451294 500 236
2.1866486072540283 502 237
2.1927855014801025 504 240
2.199721097946167 505 240
2.2064194679260254 506 237
2.212520122528076 508 235
2.219359874725342 509 236
2.227144241333008 511 241
2.2332417964935303 513 242
2.2398693561553955 515 238
2.246788501739502 516 238
2.253150224685669 518 233
2.260529041290283 519 235
2.2674455642700195 521 236
2.2753548622131348 523 236
2.2813103199005127 524 234
2.288003921508789 526 234
2.2948250770568848 527 234
2.3007519245147705 529 235
2.3078107833862305 531 238
2.314661979675293 532 239
2.320646286010742 534 239
2.3283026218414307 535 238
2.3412985801696777 538 234
2.3480327129364014 540 237
2.35512113571167 542 236
2.360790252685547 543 238
2.367863893508911 545 242
2.376038074493408 547 239
2.3818812370300293 548 237
2.388585090637207 550 234
2.3956308364868164 552 239
2.4016337394714355 553 234
2.408264398574829 554 238
2.4153566360473633 556 237
2.421297788619995 558 236
2.4291458129882812 559 236
2.435905694961548 562 235
2.448554277420044 564 234
2.4557580947875977 566 236
2.4617702960968018 567 236
2.468707323074341 569 233
2.4767324924468994 570 234
2.4836525917053223 572 233
2.4899027347564697 574 234
2.496659994125366 575 235
2.503199338912964 577 236
2.5098156929016113 579 238
2.5165486335754395 580 242
2.5227606296539307 582 237
2.5305404663085938 583 239
2.537421226501465 585 234
2.54441499710083 587 239
2.550262212753296 588 240
2.5572619438171387 589 237
2.5640878677368164 591 237
2.569958448410034 593 236
2.576629400253296 594 235
2.5844366550445557 596 236
2.5903074741363525 598 235
2.5972583293914795 599 236
2.6042745113372803 601 237
2.6101460456848145 602 240
2.617158889770508 604 234
2.623248338699341 606 237
2.6307365894317627 607 235
2.637800931930542 609 236
2.6446545124053955 610 237
2.650646686553955 612 237
2.6576006412506104 613 238
2.6646323204040527 615 235
2.6706326007843018 616 239
2.6775801181793213 618 236
2.685372829437256 620 239
2.691310167312622 621 236
2.697977066040039 623 240
2.7048285007476807 625 240
2.7107431888580322 626 242
2.717694044113159 628 243
2.72468900680542 629 241
2.7315940856933594 631 237
2.738231897354126 633 238
2.7453486919403076 634 238
2.7513017654418945 636 236
2.758047103881836 638 240
2.765343427658081 639 236
2.7712748050689697 640 237
2.7779879570007324 642 236
2.786170721054077 644 236
2.791978120803833 646 235
2.798691511154175 647 233
2.805725336074829 649 237
2.8116962909698486 650 235
2.818376302719116 652 236
2.825493097305298 653 242
2.832422971725464 655 238
2.8458776473999023 658 240
2.851832151412964 660 239
2.8587377071380615 661 238
2.8660686016082764 663 243
2.8719162940979004 665 237
2.878815174102783 666 239
2.8866946697235107 668 238
2.893205404281616 670 234
2.8998405933380127 671 239
2.906755208969116 673 236
2.9131510257720947 675 237
2.9197957515716553 676 239
2.926514148712158 678 239
2.934453010559082 679 240
2.940340995788574 681 238
2.9473042488098145 682 240
2.9541561603546143 684 237
2.960038661956787 686 241
2.9671971797943115 687 238
2.9736719131469727 689 235
2.9799282550811768 690 234
2.987743377685547 692 236
2.994641065597534 694 236
3.0006661415100098 695 236
3.007591724395752 696 236
3.0144286155700684 698 236
3.0202672481536865 700 237
3.027444362640381 701 238
3.0352370738983154 703 243
3.0412232875823975 705 237
3.0478830337524414 707 244
3.054717779159546 708 241
3.0606980323791504 709 236
3.0676939487457275 711 238
3.074641227722168 713 234
3.0805835723876953 714 240
3.088346242904663 716 236
3.0954387187957764 718 237
3.101356029510498 719 236
3.108022451400757 721 239
3.115133047103882 722 241
3.1208109855651855 724 237
3.127728223800659 726 237
3.134633779525757 727 233
3.141644239425659 729 237
3.148543357849121 730 233
3.155813694000244 732 238
3.161754846572876 734 237
3.168518543243408 735 236
3.175529718399048 736 239
3.181506872177124 738 236
3.1894173622131348 740 237
3.196145534515381 742 236
3.201953887939453 743 237
3.2091825008392334 745 239
3.2160699367523193 746 237
3.2219269275665283 748 237
3.228668451309204 749 236
3.235729932785034 751 241
3.249833345413208 755 244
3.257690906524658 757 236
3.264815092086792 758 242
3.270759344100952 759 238
3.2777976989746094 761 235
3.2848188877105713 763 234
3.2918336391448975 765 234
3.2985880374908447 766 235
3.3058876991271973 768 235
3.3118302822113037 769 238
3.318574905395508 771 235
3.325787305831909 773 237
3.3317623138427734 774 237
3.3396658897399902 776 237
3.346428632736206 777 237
3.3525192737579346 779 239
3.359398603439331 780 238
3.3661396503448486 782 240
3.371997117996216 784 238
3.378727912902832 785 239
3.3860385417938232 787 238
3.393240213394165 789 238
3.399871587753296 790 238
3.406571626663208 792 239
3.4130842685699463 794 242
3.419780731201172 795 235
3.426510810852051 796 240
3.4326729774475098 798 239
3.43959379196167 800 238
3.4475350379943848 801 239
3.4543843269348145 803 236
3.460247039794922 805 235
3.467233419418335 806 237
3.4737234115600586 808 236
3.479987621307373 809 237
3.486732244491577 811 238
3.4946444034576416 813 236
3.500642776489258 814 233
3.5077106952667236 816 236
3.514638900756836 817 235
3.5206170082092285 819 236
3.5275473594665527 820 237
3.5344018936157227 822 238
3.5402584075927734 824 238
3.5481460094451904 826 241
3.5552873611450195 827 239
3.5612218379974365 828 238
3.568047046661377 830 237
3.575214385986328 832 237
3.5811240673065186 833 236
3.587775230407715 835 239
3.595654249191284 837 235
3.601660966873169 838 238
3.6083152294158936 840 241
3.615412950515747 841 236
3.621346950531006 843 240
3.628153085708618 845 237
3.635284900665283 846 234
3.6464526653289795 849 237
3.655552625656128 851 236
3.6615355014801025 853 236
3.6683359146118164 854 234
3.675719976425171 856 236
3.681687355041504 857 234
3.688580274581909 859 237
3.6964316368103027 861 235
3.7025861740112305 862 234
3.7094454765319824 863 236
3.716146945953369 865 236
3.721994161605835 867 239
3.728757381439209 868 241
3.7357940673828125 870 241
3.7417519092559814 872 241
3.749904155731201 874 240
3.7566709518432617 875 239
3.7628095149993896 877 238
3.7696917057037354 878 237
3.776374578475952 880 235
3.78269624710083 882 234
3.7895898818969727 882 235
3.7973663806915283 884 235
3.804421901702881 886 236
3.8102779388427734 888 239
3.8172566890716553 889 239
3.824092388153076 891 238
3.829982280731201 892 232
3.8367106914520264 894 234
3.8430891036987305 896 234
3.850607395172119 897 236
3.8575241565704346 899 238
3.8644983768463135 900 235
3.8703818321228027 902 237
3.877371311187744 903 237
3.8842239379882812 905 236
3.890127658843994 907 237
3.897709846496582 909 238
3.9046506881713867 910 236
3.910651683807373 911 235
3.9175713062286377 913 238
3.924586534500122 915 239
3.930588960647583 916 242
3.9376895427703857 918 241
3.9446308612823486 919 235
3.9516613483428955 921 233
3.958301067352295 923 237
3.965413808822632 924 235
3.9713475704193115 926 239
3.978001832962036 928 237
3.985224723815918 929 234
3.9911985397338867 930 236
3.9978749752044678 932 235
4.0057597160339355 934 232
4.011718511581421 936 234
4.018374919891357 937 234
4.025475740432739 938 233
4.0313639640808105 940 237
4.0380566120147705 942 238
4.051888465881348 945 239
4.058778285980225 946 240
4.066165208816528 948 236
4.071967124938965 950 237
4.079145193099976 951 237
4.085867643356323 953 235
4.091814994812012 954 235
4.09853458404541 956 237
4.106684684753418 958 234
4.112814426422119 960 235
4.119737863540649 961 238
4.126415252685547 963 236
4.132521152496338 964 237
4.139368772506714 965 237
4.146105527877808 967 237
4.153194189071655 969 238
4.159818172454834 971 240
4.166659116744995 972 240
4.172802925109863 974 236
4.1796934604644775 975 238
4.186427116394043 977 237
4.192716121673584 979 236
4.199678659439087 980 238
4.207408666610718 982 233
4.214241027832031 983 236
4.220130205154419 985 235
4.22727632522583 986 234
4.234102725982666 988 243
4.240001916885376 990 238
4.246724367141724 991 239
4.2546656131744385 993 240
4.261570692062378 995 239
4.268179416656494 996 235
4.275301218032837 998 239
4.281231164932251 999 236
4.288042068481445 1001 239
4.295170783996582 1002 238
4.3010923862457275 1004 238
4.308563709259033 1006 237
4.31560206413269 1008 238
4.321571350097656 1009 237
4.328340768814087 1011 239
4.335420608520508 1012 240
4.34641432762146 1015 240
4.357860088348389 1018 233
4.364717483520508 1019 238
4.370675802230835 1021 235
4.377634525299072 1022 234
4.384438514709473 1024 236
4.390289783477783 1025 237
4.397253036499023 1027 236
4.404324531555176 1029 240
4.411275625228882 1030 237
4.417917013168335 1032 233
4.4247660636901855 1033 237
4.430716276168823 1035 236
4.437682151794434 1037 238
4.4501495361328125 1040 244
4.4582319259643555 1042 237
4.465653896331787 1044 242
4.471638917922974 1045 239
4.485541343688965 1048 239
4.4915337562561035 1050 236
4.498188018798828 1051 237
4.505286455154419 1052 235
4.511890888214111 1054 234
4.518674612045288 1056 236
4.52591872215271 1058 235
4.531852722167969 1059 235
4.538585186004639 1061 239
4.54565691947937 1062 237
4.551611661911011 1064 238
4.559560060501099 1065 237
4.566272497177124 1067 238
4.57235312461853 1069 238
4.578804969787598 1070 241
4.586132764816284 1072 236
4.591932058334351 1073 236
4.598678112030029 1075 239
4.605725288391113 1077 239
4.612797021865845 1079 241
4.619688987731934 1080 238
4.626359462738037 1082 242
4.632427215576172 1083 240
4.6391379833221436 1084 234
4.6461522579193115 1086 241
4.651961326599121 1088 239
4.658739805221558 1090 239
4.666547060012817 1091 240
4.672692537307739 1093 236
4.679562568664551 1094 233
4.686282396316528 1096 237
4.692408800125122 1097 237
4.698822021484375 1099 237
4.706131219863892 1101 238
4.714226007461548 1102 235
4.720113039016724 1104 238
4.727123975753784 1105 234
4.7332398891448975 1107 236
4.739861011505127 1109 235
4.7507805824279785 1111 236
4.7577338218688965 1113 240
4.770676374435425 1117 242
4.786039113998413 1120 240
4.801175355911255 1123 236
4.814335823059082 1127 237
4.826794385910034 1130 239
4.8419811725616455 1134 239
4.865163087844849 1138 238
4.878114223480225 1142 238
4.8920087814331055 1145 238
4.9007182121276855 1147 237
4.907690048217773 1149 236
4.914593696594238 1150 236
4.920551061630249 1151 234
4.927489280700684 1153 239
4.938029527664185 1156 240
4.9516942501068115 1160 235
4.963207960128784 1162 238
4.9702606201171875 1163 241
4.97747802734375 1165 242
4.9842917919158936 1167 235
4.990154981613159 1168 239
4.997966527938843 1170 235
