0 0 0
0.013128995895385742 0 0
0.020353317260742188 0 0
0.027277231216430664 0 2
0.033075571060180664 0 2
0.040183305740356445 1 6
0.04700207710266113 2 35
0.05397653579711914 3 18
0.06084632873535156 3 55
0.06815052032470703 4 106
0.0741264820098877 5 135
0.08082246780395508 6 147
0.08794927597045898 7 158
0.09384751319885254 8 165
0.1005103588104248 10 171
0.1084742546081543 11 176
0.11449074745178223 12 183
0.12151098251342773 13 185
0.1286177635192871 15 191
0.13457179069519043 16 189
0.14141130447387695 17 194
0.14850378036499023 19 193
0.15554285049438477 20 193
0.16327404975891113 22 192
0.1703479290008545 23 192
0.17739415168762207 24 195
0.18346834182739258 25 190
0.1904292106628418 27 191
0.19752812385559082 28 186
0.20349550247192383 30 188
0.21130871772766113 31 184
0.21843862533569336 32 181
0.22445368766784668 33 174
0.23129916191101074 34 172
0.23854541778564453 35 168
0.24457430839538574 36 162
0.25144052505493164 37 161
0.25935983657836914 38 155
0.26584696769714355 40 153
0.2725667953491211 40 150
0.2793424129486084 41 143
0.2855195999145508 42 139
0.2925381660461426 43 134
0.29942917823791504 44 129
0.30591559410095215 45 125
0.3134725093841553 45 120
0.3204777240753174 46 113
0.3278317451477051 47 111
0.33387184143066406 47 107
0.34059667587280273 48 93
0.3474740982055664 48 84
0.35349321365356445 49 84
0.36150598526000977 49 75
0.36861276626586914 50 71
0.3745911121368408 50 62
0.381380558013916 50 62
0.3884909152984619 51 54
0.39447522163391113 51 54
0.40128540992736816 51 54
0.41472649574279785 51 38
0.4221484661102295 51 38
0.429044246673584 51 38
0.43534326553344727 51 38
0.4422767162322998 51 38
0.44904446601867676 51 38
0.4553852081298828 51 38
0.4633450508117676 51 15
0.47036123275756836 51 15
0.4774668216705322 51 4
0.48346376419067383 51 4
0.4904515743255615 51 4
0.4973917007446289 51 4
0.5034217834472656 50 -4
0.5112638473510742 50 -4
0.518404483795166 50 -14
0.5244650840759277 49 -30
0.5313043594360352 49 -30
0.5385379791259766 49 -35
0.544579267501831 48 -50
0.5513880252838135 48 -57
0.5584909915924072 47 -64
0.5658295154571533 47 -70
0.5726182460784912 46 -83
0.5805895328521729 45 -94
0.5908656120300293 44 -90
0.5982060432434082 44 -95
0.6041553020477295 43 -104
0.6108717918395996 42 -106
0.6188981533050537 41 -113
0.6248867511749268 40 -120
0.6315450668334961 39 -123
0.6386246681213379 38 -130
0.6446361541748047 37 -142
0.6564056873321533 35 -149
0.6627585887908936 34 -154
0.6806447505950928 31 -163
0.6932623386383057 29 -176
0.7085237503051758 26 -182
0.7227096557617188 23 -189
0.7380414009094238 21 -197
0.7509803771972656 18 -202
0.7635557651519775 15 -208
0.7805502414703369 11 -212
0.7905797958374023 10 -214
0.7974817752838135 8 -215
0.8034627437591553 6 -217
0.817298173904419 4 -220
0.8233613967895508 3 -220
0.840162992477417 -1 -220
0.85257887840271 -4 -224
0.8604907989501953 -6 -224
0.8679602146148682 -7 -222
0.8739485740661621 -9 -222
0.8806536197662354 -10 -221
0.887537956237793 -12 -220
0.8945958614349365 -13 -221
0.9014370441436768 -15 -221
0.9088482856750488 -16 -221
0.9147124290466309 -18 -220
0.921515703201294 -19 -219
0.9286453723907471 -21 -219
0.9346828460693359 -22 -217
0.9426720142364502 -24 -215
0.9494273662567139 -25 -214
0.9558291435241699 -27 -208
0.9626138210296631 -28 -206
0.969562292098999 -29 -204
0.9768807888031006 -31 -200
0.9828238487243652 -32 -194
0.9905221462249756 -33 -190
0.9975073337554932 -34 -185
1.0035207271575928 -35 -180
1.0104765892028809 -37 -180
1.0173954963684082 -38 -176
1.023498773574829 -39 -174
1.03059720993042 -40 -170
1.0375287532806396 -41 -162
1.0446455478668213 -42 -154
1.0514309406280518 -43 -152
1.0586321353912354 -44 -148
1.0646674633026123 -45 -146
1.0714585781097412 -46 -139
1.0785906314849854 -47 -136
1.084639549255371 -48 -129
1.0928218364715576 -49 -123
1.099830150604248 -49 -118
1.1068799495697021 -50 -114
1.1128416061401367 -51 -109
1.1199531555175781 -51 -105
1.126896858215332 -52 -93
1.1327946186065674 -52 -84
1.139824628829956 -53 -79
1.1479101181030273 -53 -73
1.1539020538330078 -53 -65
1.1613328456878662 -54 -65
1.1684155464172363 -54 -58
1.174473762512207 -54 -58
1.18265700340271 -55 -47
1.1913225650787354 -55 -47
1.2002651691436768 -55 -47
1.211519479751587 -55 -30
1.2201313972473145 -55 -30
1.2271764278411865 -55 -14
1.2330589294433594 -55 -14
1.2403802871704102 -55 -14
1.2482686042785645 -55 -14
1.2542743682861328 -55 -14
1.2610538005828857 -55 -14
1.26833176612854 -54 0
1.2742958068847656 -54 0
1.281078815460205 -54 9
1.2881977558135986 -54 9
1.2951288223266602 -53 24
1.3019466400146484 -53 24
1.3088366985321045 -53 25
1.314690113067627 -52 40
1.3214802742004395 -52 49
1.3288326263427734 -51 55
1.3347232341766357 -51 62
1.341508150100708 -51 69
1.3494153022766113 -50 74
1.3558716773986816 -49 78
1.362612247467041 -49 92
1.3695549964904785 -48 98
1.3759441375732422 -47 89
1.3826372623443604 -46 97
1.389542579650879 -46 102
1.3974182605743408 -45 109
1.4034781455993652 -44 113
1.410449743270874 -43 123
1.4173824787139893 -42 127
1.4234042167663574 -41 131
1.4303581714630127 -40 136
1.4372830390930176 -39 144
1.4433095455169678 -38 150
1.4513001441955566 -37 155
1.4584050178527832 -36 160
1.4644315242767334 -35 165
1.4711179733276367 -34 167
1.4782955646514893 -32 171
1.4842662811279297 -31 179
1.490973711013794 -30 183
1.4990789890289307 -28 188
1.5054121017456055 -27 189
1.5123085975646973 -26 189
1.5190343856811523 -25 192
1.5251679420471191 -23 197
1.5319273471832275 -22 200
1.5388123989105225 -20 206
1.544677734375 -19 209
1.5526890754699707 -17 209
1.559467077255249 -16 210
1.566401720046997 -14 211
1.5726714134216309 -13 212
1.579383373260498 -12 219
1.5855576992034912 -10 218
1.5925161838531494 -9 216
1.6003313064575195 -7 222
1.6072630882263184 -5 220
1.6199595928192139 -3 219
1.6271567344665527 -1 222
1.63303804397583 0 218
1.6401433944702148 1 221
1.6469836235046387 3 225
1.6538975238800049 5 225
1.660637617111206 6 226
1.6674830913543701 8 223
1.6734824180603027 9 225
1.6804511547088623 11 223
1.6875402927398682 12 222
1.6935408115386963 14 223
1.7013301849365234 15 220
1.7084381580352783 17 220
1.714468002319336 18 217
1.721296787261963 20 217
1.7284080982208252 21 214
1.734410047531128 23 210
1.7411208152770996 24 211
1.7484524250030518 25 205
1.755932092666626 27 204
1.7626168727874756 28 194
1.76938796043396 29 194
1.7755720615386963 31 190
1.7825169563293457 32 194
1.7892775535583496 33 184
1.795454502105713 34 182
1.8030734062194824 35 176
1.8102798461914062 36 172
1.817167043685913 38 165
1.8230760097503662 39 163
1.83009672164917 40 157
1.8370225429534912 41 153
1.8429372310638428 42 150
1.8500087261199951 43 146
1.8579738140106201 43 138
1.8639967441558838 45 135
1.8708782196044922 45 130
1.8780550956726074 46 123
1.8840253353118896 47 121
1.8908569812774658 47 114
1.8980286121368408 48 99
1.9047467708587646 49 96
1.9115147590637207 49 90
1.9185996055603027 50 84
1.9245991706848145 50 82
1.9315273761749268 51 75
1.938624382019043 51 68
1.9445877075195312 51 68
1.9513144493103027 52 62
1.9592711925506592 52 62
1.9654953479766846 52 50
1.972379207611084 52 50
1.9791123867034912 52 50
1.9854412078857422 52 50
1.9923365116119385 53 32
2.0005407333374023 53 32
2.008528232574463 53 32
2.0213513374328613 52 12
2.028622627258301 52 12
2.0345842838287354 52 12
2.0415732860565186 52 12
2.0490036010742188 52 0
2.055131196975708 52 0
2.062737464904785 52 0
2.069495677947998 52 -9
2.0759027004241943 51 -9
2.082608699798584 51 -21
2.0893354415893555 51 -21
2.0955374240875244 50 -26
2.102517604827881 50 -38
2.1104543209075928 49 -51
2.1173927783966064 49 -58
2.123439311981201 49 -65
2.130441904067993 48 -70
2.137356996536255 47 -76
2.143394708633423 47 -81
2.150575876235962 46 -87
2.1575427055358887 45 -96
2.1658406257629395 44 -96
2.1725568771362305 44 -99
2.1793525218963623 43 -107
2.1855266094207764 42 -111
2.1925270557403564 41 -117
2.199300765991211 40 -123
2.2055013179779053 39 -134
2.2134177684783936 38 -136
2.2204549312591553 37 -141
2.2275235652923584 36 -146
2.2335426807403564 35 -152
2.2404887676239014 34 -156
2.2474451065063477 33 -162
2.2535014152526855 32 -166
2.261308431625366 31 -172
2.2684381008148193 29 -177
2.2744643688201904 28 -180
2.2886104583740234 25 -186
2.2946481704711914 24 -192
2.3014581203460693 23 -196
2.308537483215332 21 -198
2.3154869079589844 20 -200
2.3225111961364746 19 -202
2.3292794227600098 17 -205
2.335477352142334 15 -208
2.3424506187438965 14 -211
2.34938645362854 13 -213
2.3555850982666016 11 -215
2.3633928298950195 10 -217
2.3703579902648926 8 -215
2.377276659011841 7 -220
2.3831281661987305 5 -221
2.39013671875 4 -222
2.396965742111206 2 -222
2.4028897285461426 1 -218
2.415520191192627 -2 -222
2.423100233078003 -3 -225
2.4303348064422607 -5 -223
2.4373812675476074 -7 -224
2.4434053897857666 -8 -226
2.450500249862671 -10 -222
2.45741868019104 -11 -225
2.464367389678955 -13 -220
2.4713315963745117 -14 -222
2.478419065475464 -16 -221
2.4844229221343994 -17 -219
2.491136312484741 -19 -221
2.498295545578003 -20 -217
2.504347801208496 -21 -214
2.51101016998291 -23 -215
2.5191385746002197 -25 -212
2.52543044090271 -26 -209
2.532322645187378 -27 -209
2.539320945739746 -29 -205
2.545522451400757 -30 -199
2.552541732788086 -31 -192
2.559319257736206 -32 -186
2.567261219024658 -34 -183
2.5732574462890625 -35 -182
2.5802078247070312 -36 -178
2.5872297286987305 -37 -175
2.5931522846221924 -38 -173
2.6002283096313477 -39 -170
2.60709547996521 -41 -166
2.6130237579345703 -41 -157
2.6208178997039795 -43 -152
2.6279726028442383 -43 -150
2.6339809894561768 -44 -145
2.640707492828369 -45 -143
2.6481070518493652 -46 -136
2.6540944576263428 -47 -130
2.6608481407165527 -48 -124
2.6690165996551514 -49 -117
2.675175189971924 -49 -115
2.682039737701416 -50 -111
2.6887967586517334 -51 -106
2.6946957111358643 -51 -94
2.701540231704712 -51 -85
2.7089061737060547 -52 -78
2.7147645950317383 -53 -73
2.7226626873016357 -53 -68
2.7294321060180664 -53 -68
2.735592842102051 -54 -60
2.7425003051757812 -54 -60
2.7492246627807617 -54 -48
2.7553389072418213 -54 -48
2.762194871902466 -54 -48
2.77009654045105 -54 -48
2.7769792079925537 -55 -35
2.782883644104004 -55 -35
2.7900121212005615 -55 -35
2.7970285415649414 -55 -35
2.802943229675293 -55 -35
2.809978485107422 -54 -11
2.823430299758911 -54 -11
2.830653667449951 -54 -11
2.8379251956939697 -54 -11
2.8438751697540283 -54 0
2.850754976272583 -54 0
2.8575727939605713 -54 0
2.863532781600952 -53 9
2.871349811553955 -53 9
2.878469228744507 -53 19
2.8844492435455322 -52 26
2.891407012939453 -52 39
2.898482084274292 -51 51
2.9044885635375977 -51 59
2.9113049507141113 -51 66
2.918410062789917 -50 72
2.9258506298065186 -49 77
2.932556390762329 -49 85
2.939331293106079 -48 94
2.9459049701690674 -47 98
2.952608346939087 -47 92
2.9593374729156494 -46 101
2.96553635597229 -45 108
2.9733734130859375 -44 115
2.9803597927093506 -43 118
2.987250804901123 -42 125
2.993255853652954 -41 130
3.0002310276031494 -41 137
3.0072576999664307 -39 141
3.0131449699401855 -39 146
3.0201809406280518 -37 154
3.0282065868377686 -36 161
3.034156084060669 -35 166
3.0408642292022705 -34 166
3.048020839691162 -33 170
3.0539987087249756 -31 171
3.060899496078491 -30 179
3.0682151317596436 -29 184
3.075223207473755 -28 188
3.082069158554077 -27 188
3.0888619422912598 -25 191
3.094744920730591 -24 196
3.1014773845672607 -22 200
3.1085498332977295 -21 203
3.1145706176757812 -20 201
3.1213481426239014 -18 208
3.1294026374816895 -17 210
3.1355912685394287 -15 214
3.1425116062164307 -13 219
3.149289846420288 -12 216
3.155512571334839 -10 216
3.1631460189819336 -9 216
3.170135021209717 -8 218
3.1780807971954346 -6 219
3.1840758323669434 -4 221
3.190899133682251 -3 220
3.19805645942688 -2 221
3.2039966583251953 0 223
3.2107367515563965 2 222
3.2234396934509277 5 222
3.2313733100891113 6 224
3.2386245727539062 8 225
3.2446327209472656 9 225
3.251891851425171 11 225
3.2586607933044434 12 223
3.2647016048431396 14 221
3.2714972496032715 15 222
3.2794439792633057 17 218
3.285888910293579 18 217
3.292619228363037 20 219
3.299401044845581 21 212
3.3059680461883545 23 215
3.312647819519043 24 210
3.319563865661621 25 207
3.3274829387664795 27 206
3.3335037231445312 28 199
3.340461015701294 29 194
3.347386360168457 31 192
3.353404998779297 32 190
3.36041522026062 33 189
3.3674657344818115 34 178
3.3734946250915527 35 174
3.381324291229248 37 171
3.3884451389312744 38 166
3.3944504261016846 39 162
3.4012506008148193 40 157
3.4083240032196045 41 151
3.414340019226074 42 148
3.421020269393921 43 146
3.429175615310669 43 138
3.4353866577148438 45 133
3.4423584938049316 45 132
3.449352264404297 46 122
3.455571413040161 47 117
3.462510108947754 47 114
3.4693031311035156 48 99
3.47552752494812 49 97
3.4833884239196777 49 89
3.4905447959899902 50 84
3.497425079345703 50 78
3.5034561157226562 51 72
3.5104503631591797 51 72
3.51731014251709 51 66
3.5231528282165527 51 58
3.530917167663574 52 58
3.5380942821502686 52 47
3.5440258979797363 52 47
3.550851583480835 52 47
3.5580427646636963 52 47
3.5640387535095215 52 47
3.5707485675811768 52 47
3.5780398845672607 52 47
3.5848851203918457 52 47
3.591560125350952 52 17
3.598623514175415 52 17
3.6046299934387207 52 17
3.61190128326416 52 4
3.6244750022888184 52 4
3.6326475143432617 52 4
3.6395535469055176 52 -4
3.6464712619781494 51 -4
3.6528120040893555 51 -13
3.659902811050415 51 -13
3.6669881343841553 50 -26
3.672898530960083 50 -36
3.679943084716797 49 -49
3.688070297241211 49 -57
3.694078207015991 49 -65
3.700791597366333 48 -70
3.708108425140381 47 -76
3.7141165733337402 47 -79
3.720811605453491 46 -90
3.7281386852264404 46 -94
3.7351455688476562 45 -89
3.7420334815979004 44 -98
3.7488348484039307 43 -101
3.754694938659668 42 -110
3.7614998817443848 42 -116
3.7686142921447754 41 -118
3.77461838722229 40 -129
3.7814218997955322 39 -135
3.78955340385437 38 -141
3.7959184646606445 36 -146
3.802637815475464 35 -152
3.8093924522399902 35 -156
3.815577745437622 33 -160
3.822542190551758 32 -164
3.8293216228485107 31 -167
3.8374860286712646 30 -176
3.843529224395752 29 -180
3.850621223449707 27 -189
3.857512950897217 26 -187
3.8635075092315674 25 -190
3.8704960346221924 20 -200
3.892735004425049 19 -202
3.8995323181152344 17 -207
3.9064581394195557 16 -207
3.9127395153045654 14 -213
3.919567584991455 13 -212
3.9292168617248535 11 -216
3.9401376247406006 9 -214
3.9470150470733643 7 -221
3.952885389328003 6 -219
3.9598748683929443 4 -220
3.966853141784668 3 -220
3.972748041152954 1 -218
3.9795114994049072 0 -225
3.986366033554077 -2 -224
3.993553400039673 -3 -224
4.000506162643433 -5 -224
4.007450103759766 -7 -223
4.0134546756744385 -9 -223
4.027311563491821 -11 -222
4.033371686935425 -12 -219
4.041343688964844 -14 -219
4.0486016273498535 -16 -223
4.054596900939941 -17 -222
4.061406373977661 -18 -219
4.068561315536499 -20 -220
4.074568271636963 -21 -215
4.081375598907471 -23 -216
4.0885844230651855 -24 -212
4.096837043762207 -26 -210
4.102796792984009 -27 -199
4.1098268032073975 -28 -202
4.115952968597412 -30 -196
4.122611045837402 -31 -194
4.129380464553833 -32 -191
4.13582444190979 -34 -189
4.1434125900268555 -35 -180
4.150577545166016 -36 -177
4.15751051902771 -37 -175
4.164524555206299 -39 -174
4.17131495475769 -39 -171
4.178463697433472 -41 -166
4.184485197067261 -42 -157
4.192523241043091 -43 -152
4.199312448501587 -44 -148
4.205920219421387 -45 -144
4.212617874145508 -45 -142
4.2194061279296875 -46 -134
4.226344347000122 -47 -131
4.232666730880737 -48 -127
4.239392042160034 -49 -121
4.247437238693237 -49 -113
4.253460168838501 -50 -111
4.2604591846466064 -51 -107
4.267524003982544 -51 -96
4.273527383804321 -52 -89
4.280492305755615 -52 -81
4.288961172103882 -53 -73
4.296865701675415 -53 -67
4.302779197692871 -53 -59
4.309541702270508 -54 -59
4.315909147262573 -54 -51
4.322584390640259 -54 -51
4.329469680786133 -54 -51
4.3358824253082275 -54 -51
4.342536926269531 -55 -38
4.350343942642212 -55 -38
4.357378005981445 -55 -38
4.363403558731079 -55 -38
4.3703954219818115 -55 -38
4.3773033618927 -55 -11
4.3833208084106445 -54 -11
4.390458106994629 -54 -11
4.3983893394470215 -54 -11
4.404404163360596 -54 0
4.422881841659546 -54 9
4.430777549743652 -53 9
4.4380784034729 -53 9
4.444055795669556 -53 19
4.452054977416992 -53 26
4.458821058273315 -52 26
4.464676380157471 -52 38
4.471482038497925 -51 48
4.478592157363892 -51 57
4.484556436538696 -50 65
4.491513729095459 -50 71
4.50549840927124 -48 88
4.512492418289185 -48 94
4.51926589012146 -47 91
4.52542781829834 -46 95
4.532309055328369 -46 104
4.539190053939819 -45 108
4.545346021652222 -44 113
4.5530571937561035 -43 122
4.560075521469116 -42 128
4.567176818847656 -41 133
4.573079347610474 -40 142
4.580150365829468 -39 144
4.587032318115234 -38 149
4.592942714691162 -37 153
4.60082483291626 -36 157
4.60798192024231 -35 165
4.61390495300293 -34 168
4.620782375335693 -32 175
4.628141403198242 -31 178
4.634079933166504 -30 183
4.640780687332153 -29 180
4.647911548614502 -27 188
4.654638767242432 -26 194
4.6615049839019775 -25 196
4.668607711791992 -23 199
4.674585580825806 -22 204
4.681417942047119 -20 206
4.688790798187256 -19 208
4.694641828536987 -17 208
4.702494144439697 -16 213
4.709253787994385 -14 214
4.715422868728638 -13 215
4.722429990768433 -11 218
4.729165554046631 -10 219
4.735270977020264 -9 217
4.742141008377075 -7 221
4.749133348464966 -6 220
4.7570481300354 -4 219
4.762947082519531 -3 220
4.769972801208496 -1 221
4.776870250701904 1 222
4.782776594161987 2 225
4.789482831954956 3 224
4.795848608016968 5 224
4.80341911315918 7 227
4.810525894165039 8 222
4.821465730667114 11 221
4.830410003662109 13 220
4.837508201599121 14 223
4.843464612960815 15 224
4.850572109222412 17 223
4.858432054519653 19 219
4.864437818527222 20 213
4.871387481689453 21 208
4.878623008728027 23 211
4.884628772735596 24 207
4.891387224197388 25 209
4.8985185623168945 27 206
4.905940771102905 29 199
4.912659645080566 30 195
4.919469594955444 31 189
4.926352024078369 32 188
4.93268084526062 33 183
4.939448595046997 35 185
4.945878744125366 36 174
4.952610731124878 37 172
4.9604268074035645 38 168
4.967388153076172 39 162
4.973414897918701 40 156
4.980374813079834 41 149
4.9875311851501465 42 147
4.993515968322754 43 145
