0 0 0
0.01376795768737793 0 3
0.02789449691772461 0 8
0.04089856147766113 2 70
0.05562639236450195 3 38
0.06874394416809082 5 111
0.08182716369628906 6 118
0.08860301971435547 7 119
0.09452652931213379 8 114
0.10120105743408203 8 111
0.10829329490661621 9 93
0.1142721176147461 9 93
0.121124267578125 9 72
0.12846922874450684 9 72
0.13648247718811035 9 24
0.14242863655090332 9 24
0.14949417114257812 8 0
0.15598368644714355 8 -20
0.16231918334960938 7 -46
0.16904878616333008 7 -89
0.17547082901000977 6 -43
0.18310976028442383 5 -87
0.19009828567504883 4 -116
0.19718241691589355 3 -141
0.20316386222839355 2 -150
0.21016430854797363 0 -157
0.2171189785003662 -1 -163
0.22315502166748047 -2 -165
0.24796557426452637 -6 -153
0.2622568607330322 -8 -136
0.2775845527648926 -9 -125
0.2905693054199219 -10 -73
0.3031458854675293 -10 -73
0.3188188076019287 -10 0
0.33409810066223145 -8 48
0.3484625816345215 -7 68
0.36232614517211914 -5 104
0.3691983222961426 -4 135
0.3764827251434326 -3 142
0.3824503421783447 -2 154
0.38971543312072754 -1 156
0.39661526679992676 0 155
0.40250658988952637 1 149
0.41825127601623535 3 140
0.432175874710083 5 122
0.4399745464324951 5 99
0.44685840606689453 6 90
0.4529128074645996 6 90
0.45987796783447266 6 90
0.46782660484313965 6 90
0.47379302978515625 6 20
0.4805173873901367 5 20
0.4877316951751709 5 0
0.49367713928222656 4 -39
0.500532865524292 3 -84
0.5076589584350586 3 -42
0.5143935680389404 2 -102
0.5216741561889648 1 -125
0.5285038948059082 -1 -139
0.5345385074615479 -1 -151
0.5415301322937012 -3 -158
0.5484504699707031 -4 -162
0.5543627738952637 -5 -169
0.5617542266845703 -6 -168
0.5696310997009277 -7 -164
0.5765268802642822 -8 -156
0.5824506282806396 -9 -145
0.5895397663116455 -10 -134
0.5960819721221924 -10 -127
0.6023898124694824 -11 -118
0.609466552734375 -11 -86
0.6175639629364014 -11 -86
0.623589277267456 -11 -86
0.6303553581237793 -11 -86
0.6375291347503662 -11 -19
0.6510105133056641 -10 0
0.6582562923431396 -10 17
0.6660261154174805 -9 82
0.6723141670227051 -8 40
0.6796014308929443 -7 99
0.686486005783081 -6 110
0.6924304962158203 -5 139
0.6992084980010986 -4 147
0.7056200504302979 -3 158
0.7123563289642334 -2 162
0.7201752662658691 -1 160
0.7270934581756592 1 167
0.7331211566925049 1 158
0.7410070896148682 3 153
0.7481167316436768 4 144
0.7541470527648926 4 134
0.7609572410583496 5 126
0.7688605785369873 5 90
0.7752375602722168 6 90
0.7821989059448242 6 90
0.7889678478240967 6 67
0.7955453395843506 6 67
0.8022825717926025 6 23
0.8090450763702393 6 23
0.8154544830322266 5 0
0.8229763507843018 5 -20
0.8299791812896729 4 -45
0.836857795715332 3 -91
0.8429198265075684 3 -65
0.8498737812042236 2 -107
0.8569016456604004 1 -128
0.8629326820373535 0 -142
0.8706917762756348 -2 -151
0.8779292106628418 -3 -157
0.8839616775512695 -4 -161
0.8907086849212646 -5 -160
0.89788818359375 -6 -159
0.9039087295532227 -7 -153
0.9107463359832764 -8 -147
0.918083667755127 -9 -139
0.9251687526702881 -9 -132
0.9321603775024414 -10 -120
0.9389858245849609 -10 -94
0.945206880569458 -11 -75
0.9522359371185303 -11 -75
0.959033727645874 -11 -75
0.9654715061187744 -11 -75
0.973137378692627 -10 -19
0.9803071022033691 -10 -19
0.9872174263000488 -10 18
0.9932131767272949 -9 39
1.0001420974731445 -8 75
1.0070762634277344 -7 41
1.0131397247314453 -7 94
1.0209660530090332 -5 121
1.0281047821044922 -4 137
1.0341227054595947 -3 148
1.0479047298431396 -1 159
1.0538995265960693 0 162
1.060725212097168 1 160
1.0680620670318604 2 155
1.075561761856079 3 148
1.0822365283966064 4 145
1.0889809131622314 4 127
1.0955989360809326 5 99
1.102269172668457 6 86
1.1090269088745117 6 86
1.115224838256836 6 86
1.1230452060699463 6 86
1.1300818920135498 6 86
1.136958360671997 5 19
1.1429405212402344 5 0
1.149825096130371 5 -18
1.1568691730499268 4 -38
1.162904977798462 3 -97
1.1700208187103271 2 -58
1.1779801845550537 1 -113
1.1839654445648193 0 -131
1.1906731128692627 -1 -143
1.1978428363800049 -2 -153
1.2038261890411377 -3 -164
1.2105419635772705 -4 -166
1.2178902626037598 -5 -167
1.224914789199829 -7 -164
1.231867790222168 -7 -158
1.2386715412139893 -9 -153
1.2448031902313232 -9 -142
1.2517063617706299 -10 -137
1.2585060596466064 -11 -128
1.2643651962280273 -11 -118
1.2711591720581055 -12 -83
1.2795755863189697 -12 -83
1.2864811420440674 -12 -83
1.2924394607543945 -12 -83
1.2996397018432617 -12 -83
1.3065335750579834 -12 -83
1.3124637603759766 -11 -17
1.31949782371521 -11 0
1.3271934986114502 -10 35
1.3331830501556396 -9 83
1.340322732925415 -8 38
1.3471972942352295 -7 101
1.3531737327575684 -7 123
1.3601515293121338 -5 138
1.3671166896820068 -4 149
1.3731398582458496 -3 159
1.380964994430542 -2 164
1.3881185054779053 -1 160
1.3941292762756348 0 155
1.4011199474334717 1 149
1.4081909656524658 2 144
1.414184331893921 2 133
1.4209561347961426 3 123
1.4290683269500732 4 96
1.435509204864502 4 84
1.446897268295288 4 84
1.4565026760101318 4 84
1.4624392986297607 4 84
1.469630241394043 4 19
1.4766786098480225 3 0
1.4836039543151855 3 -18
1.4902992248535156 2 -37
1.4971847534179688 1 -96
1.5031843185424805 1 -57
1.510152816772461 -1 -112
1.51749849319458 -1 -131
1.523529052734375 -3 -145
1.5311939716339111 -4 -158
1.5382936000823975 -5 -163
1.5443549156188965 -6 -167
1.5511796474456787 -7 -163
1.55855131149292 -8 -161
1.564525842666626 -9 -157
1.5711853504180908 -10 -149
1.5785655975341797 -11 -135
1.5861096382141113 -12 -127
1.592437744140625 -12 -120
1.5994682312011719 -13 -93
1.6056504249572754 -13 -75
1.6123268604278564 -13 -75
1.6191189289093018 -13 -75
1.625551462173462 -13 -75
1.6330227851867676 -13 -21
1.640230417251587 -13 -21
1.6471595764160156 -12 19
1.6531202793121338 -11 42
1.6600699424743652 -11 73
1.6669869422912598 -10 42
1.6729838848114014 -9 92
1.6807036399841309 -8 120
1.6881184577941895 -7 135
1.6941428184509277 -6 150
1.7011773586273193 -5 160
1.70827054977417 -3 161
1.714287281036377 -3 163
1.7211410999298096 -2 160
1.7282812595367432 0 156
1.7355709075927734 1 153
1.742992877960205 1 140
1.7500362396240234 2 133
1.7571747303009033 3 120
1.7631633281707764 3 89
1.7701470851898193 4 75
1.7770769596099854 4 75
1.7840499877929688 4 75
1.79075288772583 4 75
1.797888994216919 4 19
1.8038816452026367 3 19
1.8107082843780518 3 0
1.8180339336395264 2 -18
1.82399582862854 1 -75
1.8401007652282715 -1 -109
1.8529565334320068 -2 -137
1.8601324558258057 -3 -143
1.8672046661376953 -5 -157
1.8734641075134277 -5 -164
1.880490779876709 -7 -162
1.8885219097137451 -8 -161
1.8945140838623047 -9 -158
1.9012389183044434 -10 -149
1.908323049545288 -11 -144
1.9143145084381104 -11 -137
1.921128749847412 -12 -99
1.9282541275024414 -12 -99
1.9360630512237549 -13 -87
1.9424080848693848 -13 -87
1.9496300220489502 -13 -31
1.9565393924713135 -13 -31
1.9625136852264404 -13 -31
1.9696321487426758 -12 0
1.9765222072601318 -12 23
1.9824345111846924 -11 56
1.9919517040252686 -10 47
1.998898983001709 -9 77
2.0050854682922363 -8 104
2.0120630264282227 -7 123
2.0188181400299072 -6 143
2.0250661373138428 -5 153
2.0320208072662354 -4 158
2.0398128032684326 -3 164
2.0466887950897217 -2 164
2.05265474319458 -1 159
2.0598409175872803 0 156
2.0666890144348145 1 148
2.0725908279418945 2 142
2.0798122882843018 3 134
2.086688995361328 3 122
2.093780755996704 4 93
2.1004974842071533 4 77
2.1077306270599365 4 77
2.113720178604126 4 77
2.1205320358276367 4 77
2.127750873565674 4 20
2.1337342262268066 4 0
2.141589403152466 3 -19
2.1484262943267822 2 -41
2.154292583465576 2 -92
2.1610851287841797 1 -42
2.168158531188965 0 -94
2.1741862297058105 -1 -119
2.18115496635437 -2 -136
2.188279390335083 -3 -152
2.1955373287200928 -5 -161
2.202288866043091 -6 -164
2.209496259689331 -7 -163
2.2156238555908203 -8 -165
2.2223472595214844 -9 -163
2.229153871536255 -10 -155
2.236534357070923 -11 -146
2.248565196990967 -12 -123
2.257923126220703 -13 -97
2.263936996459961 -13 -82
2.2709197998046875 -13 -82
2.2781944274902344 -13 -82
2.284240245819092 -13 -82
2.2923426628112793 -13 -82
2.2995598316192627 -13 -19
2.3060996532440186 -12 0
2.3123950958251953 -12 18
2.319208860397339 -11 82
2.32560396194458 -10 26
2.3323018550872803 -9 58
2.3394875526428223 -8 113
2.347212791442871 -7 130
2.3532121181488037 -6 141
2.360347270965576 -5 150
2.3731377124786377 -3 164
2.3801941871643066 -2 165
2.3870930671691895 -1 160
2.3941028118133545 0 154
2.4009134769439697 1 149
2.408040761947632 2 143
2.4140496253967285 2 124
2.421024799346924 3 95
2.428119421005249 3 95
2.4341437816619873 4 79
2.4409902095794678 4 79
2.448951482772827 4 79
2.455141067504883 4 79
2.462101459503174 3 19
2.4690511226654053 3 0
2.4755825996398926 3 0
2.4821958541870117 2 -38
2.48897385597229 1 -95
2.496934413909912 0 -58
2.5029611587524414 -1 -96
2.509965419769287 -1 -123
2.516855478286743 -3 -144
2.522956609725952 -4 -152
2.5299971103668213 -5 -160
2.537088632583618 -6 -165
2.543146848678589 -7 -162
2.5510191917419434 -8 -158
2.558168411254883 -9 -152
2.5641820430755615 -10 -145
2.5709493160247803 -11 -133
2.5781376361846924 -12 -126
2.5841774940490723 -12 -99
2.5909969806671143 -12 -84
2.599118709564209 -13 -84
2.60555100440979 -13 -84
2.6122608184814453 -13 -84
2.6191110610961914 -13 -84
2.6255452632904053 -12 -19
2.632261037826538 -12 0
2.6390035152435303 -11 18
2.6521615982055664 -10 41
2.660487651824951 -9 58
2.6678338050842285 -8 113
2.6738219261169434 -7 136
2.680668830871582 -6 148
2.68784236907959 -5 157
2.693805694580078 -3 165
2.701759099960327 -2 166
2.7085914611816406 -1 166
2.7145497798919678 0 163
2.7217581272125244 1 159
2.728623151779175 2 152
2.734557867050171 3 140
2.7422945499420166 3 130
2.7501325607299805 4 121
2.757061004638672 4 94
2.7631330490112305 5 80
2.7701163291931152 5 80
2.777186870574951 5 80
2.783184051513672 5 80
2.790144443511963 4 20
2.7970993518829346 4 0
2.8040997982025146 3 -18
2.8109395503997803 3 -39
2.8180525302886963 2 -78
2.824077844619751 1 -41
2.8309106826782227 1 -96
2.8381402492523193 -1 -119
2.8441762924194336 -2 -136
2.8522069454193115 -3 -148
2.8591909408569336 -4 -158
2.865640878677368 -5 -162
2.8723554611206055 -6 -164
2.879199266433716 -7 -162
2.885645866394043 -8 -157
2.892378807067871 -9 -151
2.900167226791382 -10 -142
2.9071080684661865 -11 -133
2.9131202697753906 -11 -124
2.920156240463257 -12 -97
2.9270670413970947 -12 -82
2.9331252574920654 -12 -82
2.9401257038116455 -12 -82
2.9470748901367188 -12 -82
2.9542038440704346 -12 -20
2.961197853088379 -11 0
2.9682540893554688 -11 19
2.9742496013641357 -10 40
2.981071710586548 -10 93
2.988452911376953 -9 43
2.994326591491699 -8 98
3.0023012161254883 -7 121
3.0091140270233154 -6 143
3.0160584449768066 -4 156
3.0224132537841797 -3 159
3.029465913772583 -2 169
3.0360190868377686 -1 168
3.042416572570801 0 163
3.0577828884124756 2 148
3.0637638568878174 3 140
3.0706570148468018 4 136
3.078110933303833 4 125
3.0841283798217773 5 118
3.0909781455993652 5 91
3.098116636276245 6 68
3.105212688446045 6 68
3.1121647357940674 5 27
3.1191790103912354 5 27
3.1256375312805176 5 0
3.1322617530822754 4 -22
3.139202833175659 4 -51
3.1456005573272705 3 -87
3.1522626876831055 2 -46
3.160039186477661 1 -85
3.1669769287109375 0 -126
3.1730313301086426 -1 -134
3.180053949356079 -2 -146
3.187052011489868 -3 -157
3.1931166648864746 -4 -161
3.200268268585205 -5 -166
3.2082595825195312 -6 -163
3.2142598628997803 -7 -161
3.2211241722106934 -8 -156
3.2282369136810303 -9 -146
3.234267234802246 -10 -133
3.2411608695983887 -10 -124
3.24857497215271 -11 -96
3.2566030025482178 -11 -96
3.2625627517700195 -12 -75
3.2696609497070312 -12 -75
3.276606798171997 -12 -75
3.282557487487793 -11 -21
3.289646863937378 -11 -21
3.2965316772460938 -11 0
3.3024637699127197 -10 19
3.310258388519287 -9 74
3.3175556659698486 -9 42
3.3235228061676025 -8 61
3.3302602767944336 -7 110
3.337200403213501 -6 129
3.3431947231292725 -5 142
3.3501880168914795 -4 152
3.358131170272827 -2 161
3.364234685897827 -1 164
3.371062994003296 0 165
3.378325939178467 1 164
3.3843109607696533 2 154
3.3911099433898926 3 151
3.398249864578247 3 143
3.4042866230010986 4 123
3.412198543548584 5 98
3.4189376831054688 5 86
3.4251480102539062 5 86
3.4321095943450928 5 86
3.4390454292297363 5 86
3.4454658031463623 5 19
3.4604458808898926 5 19
3.4677860736846924 4 -17
3.4737586975097656 3 -82
3.480630874633789 3 -99
3.487807035446167 2 -40
3.4937803745269775 1 -114
3.500659704208374 0 -130
3.508004903793335 -1 -143
3.5150935649871826 -3 -155
3.522062063217163 -4 -162
3.5288548469543457 -5 -163
3.535092353820801 -6 -162
3.5420446395874023 -7 -159
3.5488646030426025 -8 -154
3.555466890335083 -9 -152
3.5631093978881836 -10 -139
3.5700981616973877 -10 -130
3.5770626068115234 -11 -120
3.5831446647644043 -11 -91
3.5901339054107666 -12 -74
3.597095012664795 -12 -74
3.6031432151794434 -12 -74
3.610943078994751 -12 -74
3.6182665824890137 -11 -20
3.6242828369140625 -11 0
3.631070375442505 -11 18
3.638460636138916 -10 41
3.6443662643432617 -9 75
3.6511425971984863 -9 41
3.6582584381103516 -7 94
3.6655595302581787 -6 121
3.6722543239593506 -5 136
3.6792094707489014 -4 152
3.6860101222991943 -3 157
3.692369222640991 -2 160
3.699476957321167 -1 166
3.705998420715332 0 163
3.7131540775299072 1 154
3.7201220989227295 2 146
3.727055788040161 3 136
3.733097553253174 3 128
3.748042345046997 5 96
3.7623229026794434 5 76
3.78751540184021 5 17
3.801927089691162 4 -16
3.8178718090057373 3 -74
3.832050323486328 1 -109
3.851123809814453 -2 -154
3.8704447746276855 -5 -169
3.8841702938079834 -8 -165
3.9002091884613037 -10 -137
3.913158893585205 -11 -121
3.929124116897583 -12 -90
3.944549322128296 -12 -64
3.9604012966156006 -12 0
3.9775235652923584 -11 48
3.989145040512085 -9 67
4.0051109790802 -7 126
4.022260427474976 -4 155
4.038126707077026 -1 162
4.050697088241577 0 157
4.058058977127075 1 153
4.064093589782715 2 143
4.072346448898315 3 132
4.079658508300781 3 97
4.0867414474487305 4 85
4.092651605606079 4 85
4.099974870681763 4 85
4.106835126876831 4 85
4.11272406578064 4 85
4.120514154434204 3 19
4.12774133682251 3 0
4.133716821670532 2 -18
4.140457630157471 1 -84
4.147646427154541 1 -98
4.153650283813477 0 -102
4.160531759262085 -1 -114
4.167728662490845 -2 -132
4.174555540084839 -3 -150
4.18155312538147 -4 -157
4.188445329666138 -6 -162
4.194329738616943 -7 -160
4.201141834259033 -8 -161
4.208315372467041 -9 -157
4.214321851730347 -10 -150
4.222495794296265 -11 -140
4.22956657409668 -11 -131
4.236566781997681 -12 -121
4.242527008056641 -12 -95
4.254329681396484 -13 -80
4.262442588806152 -13 -80
4.269672632217407 -13 -80
4.2779223918914795 -12 -21
4.2839648723602295 -12 0
4.2909674644470215 -11 20
4.298122882843018 -11 41
4.3041582107543945 -10 95
4.31095814704895 -9 61
4.318020343780518 -8 95
4.325040102005005 -7 128
4.332036256790161 -6 141
4.3389928340911865 -5 153
4.345234632492065 -4 159
4.352231502532959 -3 165
4.359057426452637 -2 166
4.3655290603637695 0 168
4.374736070632935 1 156
4.381222248077393 2 152
4.388597011566162 3 142
4.394552707672119 3 132
4.401785612106323 4 118
4.40855860710144 4 118
4.414551019668579 5 91
4.421765089035034 5 91
4.429643392562866 5 91
4.436540842056274 5 91
4.4424614906311035 5 91
4.449513673782349 4 17
4.456559181213379 4 0
4.462425708770752 3 -17
4.4691972732543945 3 -35
4.4771728515625 2 -99
4.483148097991943 1 -54
4.49014687538147 0 -114
4.497065305709839 -1 -131
4.503132343292236 -2 -145
4.510148286819458 -3 -156
4.517512798309326 -4 -163
4.523531436920166 -6 -163
4.530990362167358 -6 -159
4.538141489028931 -8 -154
4.544162273406982 -9 -149
4.551166772842407 -9 -146
4.558287858963013 -10 -135
4.564273834228516 -11 -121
4.571103811264038 -11 -93
4.579124927520752 -11 -75
4.585558176040649 -12 -75
4.592270374298096 -12 -75
4.599067211151123 -12 -75
4.6055309772491455 -12 -75
4.61225962638855 -11 -18
4.619047164916992 -11 -18
4.6255269050598145 -11 17
4.633055925369263 -10 37
4.640242576599121 -9 80
4.647148847579956 -8 39
4.660054922103882 -6 124
4.667151689529419 -5 140
4.67316460609436 -4 150
4.681582927703857 -3 160
4.688612461090088 -2 162
4.694923639297485 -1 162
4.7018208503723145 0 160
4.708908557891846 1 150
4.71509313583374 2 146
4.722071647644043 3 142
4.729930400848389 3 122
4.736838340759277 4 91
4.7437584400177 5 82
4.750516891479492 5 82
4.757831573486328 5 82
4.763784170150757 5 82
4.770471096038818 5 82
4.777739524841309 4 19
4.784846544265747 4 0
4.791590452194214 3 -18
4.798474073410034 3 -37
4.804350852966309 2 -95
4.811534643173218 1 -56
4.818591594696045 0 -98
4.832377672195435 -2 -143
4.8394694328308105 -3 -153
4.846036672592163 -4 -160
4.852373838424683 -5 -164
4.859475612640381 -6 -163
4.866114854812622 -7 -161
4.87244439125061 -8 -157
4.8796422481536865 -9 -151
4.887574672698975 -10 -137
4.8936450481414795 -11 -130
4.900398254394531 -11 -121
4.907568454742432 -12 -89
4.9135661125183105 -12 -72
4.920316934585571 -12 -72
4.927514553070068 -12 -72
4.934348106384277 -12 -22
4.941683292388916 -12 -22
4.948502779006958 -11 0
4.954372406005859 -11 20
4.961150884628296 -10 45
4.968200445175171 -9 88
4.974181175231934 -9 64
4.980990409851074 -7 105
4.989038705825806 -7 126
4.995987176895142 -5 139
