0 0 0
0.00680232048034668 0 0
0.013586997985839844 0 0
0.020810842514038086 0 0
0.026739835739135742 0 3
0.03344368934631348 1 8
0.040761470794677734 2 62
0.04673266410827637 2 92
0.054822683334350586 3 36
0.06162071228027344 4 104
0.06779956817626953 5 111
0.07469439506530762 5 119
0.08140683174133301 6 123
0.08731269836425781 7 126
0.09397554397583008 8 124
0.10131597518920898 9 116
0.1087946891784668 9 112
0.1151435375213623 10 95
0.1219327449798584 10 80
0.12838149070739746 10 80
0.13507819175720215 11 59
0.1418600082397461 11 59
0.14827632904052734 11 59
0.15588998794555664 11 19
0.1630711555480957 10 19
0.16999554634094238 10 0
0.17598414421081543 10 -17
0.18309855461120605 9 -41
0.18999290466308594 8 -65
0.19594287872314453 8 -39
0.202897310256958 7 -85
0.21086502075195312 6 -103
0.2168903350830078 5 -132
0.2238461971282959 4 -144
0.23091840744018555 2 -154
0.23688912391662598 1 -164
0.24370884895324707 0 -169
0.25081348419189453 -1 -172
0.2578585147857666 -3 -175
0.2648289203643799 -4 -175
0.2779121398925781 -6 -167
0.2848525047302246 -7 -158
0.29178476333618164 -8 -150
0.2983722686767578 -9 -141
0.3050992488861084 -9 -135
0.313032865524292 -10 -129
0.3199918270111084 -10 -118
0.3260190486907959 -11 -86
0.33304715156555176 -11 -67
0.3403446674346924 -11 -67
0.3463411331176758 -11 -67
0.35306644439697266 -11 -67
0.3609137535095215 -11 -20
0.3669469356536865 -10 0
0.3737204074859619 -10 18
0.380800724029541 -9 41
0.3867957592010498 -9 68
0.39345669746398926 -8 41
0.400754451751709 -7 61
0.40675950050354004 -6 117
0.4145996570587158 -5 133
0.42139101028442383 -4 140
0.42737436294555664 -3 155
0.434023380279541 -2 162
0.4413740634918213 -1 166
0.4473130702972412 0 173
0.4540066719055176 1 173
0.46233224868774414 3 173
0.4688529968261719 4 169
0.4751415252685547 5 163
0.4818730354309082 6 161
0.4883253574371338 7 148
0.49500155448913574 8 141
0.5017857551574707 8 127
0.5079710483551025 9 118
0.5158028602600098 10 95
0.5229549407958984 10 95
0.5298457145690918 10 78
0.5359220504760742 10 78
0.5429427623748779 10 78
0.5498523712158203 10 22
0.5558772087097168 10 22
0.5637273788452148 9 -20
0.5709340572357178 8 -43
0.5769565105438232 8 -71
0.5839295387268066 7 -43
0.590996265411377 6 -62
0.5969574451446533 5 -113
0.6037631034851074 4 -123
0.6108784675598145 3 -142
0.6179447174072266 2 -153
0.6248965263366699 1 -161
0.6316545009613037 0 -170
0.6380341053009033 -2 -174
0.6449837684631348 -3 -176
0.6518087387084961 -4 -175
0.6583037376403809 -5 -177
0.6659555435180664 -6 -171
0.6798429489135742 -8 -158
0.6858816146850586 -9 -153
0.6930286884307861 -10 -141
0.7005667686462402 -11 -130
0.7065680027008057 -11 -123
0.7145886421203613 -12 -113
0.7213704586029053 -12 -113
0.7273101806640625 -13 -72
0.7339770793914795 -13 -72
0.7411148548126221 -13 -72
0.7471046447753906 -12 -21
0.753943920135498 -12 -21
0.7612922191619873 -12 0
0.768456220626831 -11 18
0.7751352787017822 -10 70
0.7819156646728516 -10 89
0.7883071899414062 -9 62
0.7950143814086914 -8 88
0.8017802238464355 -7 125
0.8079848289489746 -6 140
0.815828800201416 -5 154
0.8337430953979492 -1 178
0.8512616157531738 2 184
0.8693726062774658 5 183
0.8927860260009766 9 149
0.9070842266082764 11 128
0.9305784702301025 12 76
0.9504632949829102 12 76
0.9710030555725098 10 -79
1.0033962726593018 8 -118
1.0448534488677979 1 -173
1.059967041015625 -1 -180
1.0659878253936768 -2 -182
1.0805928707122803 -4 -170
1.0865423679351807 -5 -159
1.093470573425293 -6 -145
1.1008617877960205 -7 -132
1.1068947315216064 -7 -120
1.1138033866882324 -8 -85
1.121039867401123 -8 -85
1.1283204555511475 -8 -67
1.1350593566894531 -8 -67
1.141833782196045 -8 -27
1.1480209827423096 -7 0
1.1549296379089355 -7 0
1.1616711616516113 -7 52
1.1678404808044434 -6 65
1.1754467487335205 -5 98
1.1826066970825195 -4 71
1.1894850730895996 -3 100
1.1953859329223633 -2 120
1.2024540901184082 -2 135
1.2093439102172852 0 146
1.21525239944458 1 162
1.2224233150482178 2 166
1.2303690910339355 3 173
1.236321210861206 4 173
1.2431681156158447 6 172
1.250330924987793 7 172
1.2563095092773438 8 170
1.263052225112915 9 163
1.269918441772461 10 154
1.2769341468811035 11 142
1.2837574481964111 12 136
1.2908742427825928 12 128
1.2969050407409668 13 119
1.303873062133789 13 90
1.3109943866729736 14 75
1.3170311450958252 14 75
1.3239336013793945 14 75
1.3317713737487793 14 75
1.3379981517791748 13 20
1.3449995517730713 13 0
1.351916790008545 13 -19
1.3588061332702637 12 -41
1.365159511566162 11 -71
1.3719780445098877 11 -42
1.3799421787261963 10 -91
1.3859143257141113 9 -115
1.3928613662719727 8 -125
1.4016172885894775 6 -150
1.4077956676483154 5 -158
1.414680004119873 4 -165
1.4216654300689697 3 -171
1.4296271800994873 1 -176
1.435534954071045 0 -174
1.4425394535064697 -1 -174
1.4494361877441406 -2 -171
1.4553883075714111 -3 -165
1.4625179767608643 -4 -158
1.4694514274597168 -5 -152
1.4834132194519043 -6 -129
1.4907805919647217 -7 -119
1.4967916011810303 -8 -94
1.5037696361541748 -8 -82
1.5110137462615967 -8 -82
1.5170488357543945 -8 -82
1.523869514465332 -8 -82
1.5318424701690674 -8 -82
1.5384395122528076 -8 -18
1.5451381206512451 -8 -18
1.5518903732299805 -7 17
1.5582802295684814 -6 35
1.564997673034668 -6 82
1.5717406272888184 -5 39
1.5796308517456055 -4 98
1.585555076599121 -3 120
1.5925776958465576 -2 134
1.5996294021606445 -1 150
1.6055340766906738 0 161
1.6126947402954102 1 168
1.6195228099822998 3 175
1.6254069805145264 4 178
1.6332199573516846 5 174
1.6403796672821045 6 173
1.646324872970581 7 168
1.6530537605285645 8 162
1.660322904586792 9 157
1.6662678718566895 10 153
1.6730313301086426 11 143
1.6799142360687256 12 138
1.6868607997894287 12 117
1.6935770511627197 13 117
1.7008004188537598 13 86
1.7067985534667969 14 68
1.713501214981079 14 68
1.7208538055419922 14 68
1.7268891334533691 13 23
1.7348964214324951 13 0
1.7417995929718018 13 -21
1.7479736804962158 12 -46
1.7549514770507812 11 -65
1.7617981433868408 11 -82
1.7679758071899414 10 -64
1.774935245513916 9 -100
1.7828364372253418 8 -121
1.7898023128509521 7 -137
1.7958197593688965 6 -148
1.8027987480163574 5 -157
1.809636116027832 4 -165
1.8155145645141602 2 -172
1.8232307434082031 1 -173
1.8304073810577393 0 -174
1.8371682167053223 -1 -172
1.8443942070007324 -2 -168
1.851287841796875 -4 -164
1.8571724891662598 -4 -157
1.863929271697998 -5 -149
1.8712470531463623 -6 -142
1.885023832321167 -8 -98
1.8919353485107422 -8 -89
1.8993244171142578 -8 -89
1.905259370803833 -9 -68
1.9124383926391602 -9 -68
1.9193193912506104 -9 -68
1.9252374172210693 -9 -68
1.9320120811462402 -8 -20
1.9399528503417969 -8 0
1.9458918571472168 -8 18
1.952843189239502 -7 41
1.9599249362945557 -6 69
1.9659268856048584 -6 40
1.9728915691375732 -4 88
1.9797756671905518 -4 117
1.986842393875122 -2 132
1.9935731887817383 -1 150
2.0025789737701416 0 158
2.0094337463378906 1 165
2.015331506729126 2 171
2.0225017070770264 3 173
2.0293679237365723 5 170
2.0352704524993896 6 170
2.0430774688720703 7 168
2.0499343872070312 8 157
2.055957078933716 9 154
2.0628533363342285 10 145
2.0697414875030518 10 132
2.0757510662078857 11 120
2.082893133163452 12 93
2.090846300125122 12 80
2.0968527793884277 12 80
2.1035616397857666 12 80
2.1107301712036133 12 80
2.1168060302734375 12 80
2.1234560012817383 12 80
2.1308059692382812 12 18
2.1368157863616943 11 0
2.1448636054992676 11 -17
2.151611089706421 10 -79
2.1577882766723633 9 -96
2.164674758911133 9 -54
2.171372413635254 7 -111
2.1773126125335693 7 -129
2.1839659214019775 6 -141
2.19181227684021 4 -156
2.1984050273895264 3 -162
2.205070972442627 2 -169
2.211843729019165 1 -173
2.2180087566375732 -1 -175
2.224961042404175 -2 -175
2.2317423820495605 -3 -171
2.237990140914917 -4 -166
2.2457287311553955 -5 -161
2.252694845199585 -6 -158
2.259744644165039 -7 -149
2.2657077312469482 -7 -133
2.2726664543151855 -8 -127
2.2851996421813965 -9 -84
2.2930850982666016 -9 -84
2.300374984741211 -10 -68
2.306398391723633 -10 -68
2.3132448196411133 -10 -68
2.320655107498169 -10 -68
2.3266167640686035 -9 -18
2.3333053588867188 -9 0
2.340383291244507 -8 18
2.3471531867980957 -8 39
2.3539350032806396 -7 75
2.360989570617676 -6 40
2.3669488430023193 -5 94
2.373732805252075 -5 119
2.3809995651245117 -3 135
2.3946785926818848 -1 156
2.4014737606048584 0 162
2.407583475112915 1 172
2.414015054702759 2 173
2.421090602874756 4 174
2.4270687103271484 4 172
2.433854818344116 6 168
2.4410793781280518 7 163
2.448392629623413 8 155
2.455082416534424 9 145
2.4618098735809326 9 139
2.4679834842681885 10 124
2.47497296333313 11 99
2.481752634048462 11 86
2.4879488945007324 11 86
2.4958138465881348 11 60
2.50297212600708 11 29
2.5099096298217773 11 29
2.5159401893615723 11 29
2.5230870246887207 11 0
2.529930830001831 10 -23
2.5359554290771484 10 -56
2.542926549911499 9 -80
2.5509185791015625 8 -74
2.556889533996582 7 -97
2.563781976699829 6 -119
2.5708909034729004 5 -127
2.5768966674804688 4 -147
2.583597183227539 3 -155
2.590745210647583 2 -163
2.5977962017059326 1 -168
2.604647159576416 0 -172
2.611386775970459 -2 -175
2.617335796356201 -3 -175
2.6245951652526855 -4 -174
2.6316323280334473 -5 -168
2.6378695964813232 -6 -166
2.6455278396606445 -7 -156
2.6527931690216064 -8 -149
2.659696102142334 -9 -136
2.665701150894165 -9 -125
2.67263126373291 -10 -97
2.6863412857055664 -11 -74
2.693227767944336 -11 -59
2.70143985748291 -11 -59
2.707693576812744 -11 -23
2.7145979404449463 -11 -23
2.7214102745056152 -11 -23
2.727339506149292 -10 0
2.733968734741211 -10 20
2.741339683532715 -9 61
2.7484519481658936 -8 83
2.7550957202911377 -7 66
2.761840581893921 -6 101
2.768007278442383 -5 126
2.775001287460327 -4 140
2.7819430828094482 -3 157
2.788344144821167 -2 159
2.795039176940918 -1 166
2.8030478954315186 0 167
2.8099184036254883 1 172
2.8159232139587402 3 175
2.835184335708618 6 153
2.8527536392211914 8 143
2.871274709701538 10 95
2.887371778488159 12 75
2.9068586826324463 12 75
2.926537036895752 11 17
2.945905923843384 10 -89
2.9683945178985596 5 -144
3.0058038234710693 2 -171
3.0252926349639893 -3 -179
3.03690767288208 -4 -179
3.043957471847534 -5 -173
3.051004409790039 -6 -161
3.0580453872680664 -7 -142
3.064988136291504 -8 -133
3.0717713832855225 -8 -123
3.0816423892974854 -9 -92
3.0915932655334473 -9 -71
3.0979785919189453 -9 -71
3.105813980102539 -9 -25
3.1129379272460938 -9 -25
3.119839668273926 -8 0
3.125808000564575 -8 21
3.1328084468841553 -7 48
3.139646291732788 -6 84
3.1455135345458984 -6 67
3.1525235176086426 -4 101
3.1606390476226807 -4 124
3.1665871143341064 -2 137
3.1734421253204346 -1 147
3.1806235313415527 0 156
3.1865642070770264 1 167
3.193269968032837 2 170
3.200483560562134 3 173
3.207184076309204 4 173
3.213933229446411 5 168
3.2212722301483154 7 170
3.227116584777832 8 162
3.2338573932647705 8 152
3.2409071922302246 10 147
3.246904134750366 10 134
3.2537198066711426 11 123
3.2616708278656006 11 92
3.267889976501465 12 92
3.2748231887817383 12 74
3.281825065612793 12 74
3.2882957458496094 12 74
3.2950241565704346 12 74
3.301995038986206 12 20
3.313581943511963 11 0
3.320782423019409 11 -18
3.3268086910247803 10 -71
3.333468437194824 9 -91
3.3407909870147705 8 -59
3.346728801727295 8 -107
3.3533947467803955 7 -125
3.3671603202819824 4 -151
3.380779981613159 2 -169
3.3939976692199707 -2 -182
3.411292552947998 -4 -180
3.4264779090881348 -6 -173
3.440674304962158 -8 -161
3.4536020755767822 -10 -135
3.467979669570923 -11 -95
3.488457202911377 -12 -61
3.495129108428955 -12 -29
3.5022759437561035 -12 -29
3.5092971324920654 -12 -29
3.5152411460876465 -11 24
3.527878999710083 -10 86
3.5438218116760254 -8 76
3.5519187450408936 -7 113
3.5596272945404053 -6 132
3.5655243396759033 -5 144
3.5725862979888916 -4 153
3.579636573791504 -3 162
3.585526466369629 -2 169
3.5933444499969482 0 171
3.600532054901123 1 168
3.6064908504486084 2 171
3.6131808757781982 3 165
3.6200296878814697 4 159
3.625976324081421 5 153
3.6329643726348877 6 147
3.640872001647949 7 132
3.6468610763549805 7 123
3.65354585647583 8 94
3.660709857940674 8 78
3.6666781902313232 8 78
3.6733179092407227 9 63
3.6805477142333984 9 63
3.6865053176879883 8 25
3.6944987773895264 8 25
3.701394557952881 8 0
3.7071785926818848 7 -21
3.7139384746551514 7 -48
3.7210514545440674 6 -59
3.727044105529785 6 -94
3.7337985038757324 5 -66
3.741758108139038 4 -110
3.7479279041290283 3 -119
3.7548892498016357 2 -136
3.76179838180542 1 -152
3.7679808139801025 -1 -160
3.7749485969543457 -2 -165
3.7817678451538086 -3 -171
3.7879891395568848 -4 -175
3.795806884765625 -5 -173
3.8028416633605957 -7 -172
3.8097593784332275 -8 -166
3.815819025039673 -8 -164
3.823739767074585 -10 -158
3.8308804035186768 -11 -145
3.836904525756836 -11 -137
3.844940423965454 -12 -121
3.8517231941223145 -12 -93
3.857902765274048 -13 -85
3.86482572555542 -13 -85
3.8716225624084473 -13 -85
3.877957344055176 -14 -27
3.891490936279297 -13 -27
3.899648427963257 -13 0
3.90551495552063 -13 20
3.9126994609832764 -12 20
3.9197165966033936 -11 54
3.925734519958496 -11 96
3.932692527770996 -10 69
3.939722776412964 -9 100
3.9467599391937256 -8 131
3.953707456588745 -7 146
3.960862874984741 -5 156
3.9668986797332764 -4 160
3.9737236499786377 -3 168
3.98079252243042 -2 167
3.9868085384368896 -1 173
3.994771718978882 0 172
4.00170636177063 1 170
4.007868051528931 3 166
4.014749765396118 3 159
4.021517753601074 4 151
4.027650833129883 5 147
4.034516334533691 6 138
4.04128360748291 6 128
4.048796653747559 7 88
4.055110692977905 7 75
4.062013864517212 8 75
4.068365573883057 8 75
4.075040340423584 8 75
4.081974267959595 8 21
4.0883708000183105 7 21
4.095880031585693 7 0
4.102827548980713 6 -19
4.109698057174683 6 -71
4.115602016448975 5 -86
4.122782230377197 4 -60
4.129628419876099 3 -103
4.13547158241272 2 -124
4.142475366592407 1 -133
4.150378465652466 0 -150
4.156345367431641 -1 -158
4.163045883178711 -2 -165
4.169954538345337 -3 -173
4.175952911376953 -4 -175
4.183107852935791 -6 -178
4.189985990524292 -7 -178
4.195967435836792 -8 -173
4.203812599182129 -9 -166
4.211069583892822 -10 -161
4.217069864273071 -11 -152
4.223844528198242 -12 -147
4.2309792041778564 -13 -139
4.237023830413818 -13 -120
4.243993043899536 -14 -91
4.251973390579224 -14 -77
4.258361339569092 -15 -77
4.265070915222168 -15 -77
4.2718329429626465 -15 -77
4.278024911880493 -15 -77
4.291644334793091 -14 -17
4.299783706665039 -14 0
4.305772304534912 -14 16
4.312908887863159 -13 33
4.320009231567383 -12 95
4.325958728790283 -11 37
4.33289361000061 -10 94
4.339912176132202 -10 120
4.34594988822937 -9 135
4.353705167770386 -7 146
4.360974550247192 -6 162
4.3669703006744385 -5 167
4.373765468597412 -4 171
4.380913496017456 -2 171
4.38693380355835 -2 169
4.395447015762329 0 165
4.403182744979858 1 163
4.410345554351807 2 156
4.416316270828247 3 153
4.423138380050659 4 138
4.430005311965942 4 131
4.436001300811768 5 124
4.442946910858154 5 97
4.449883460998535 6 82
4.456898927688599 6 82
4.46358323097229 6 82
4.470930099487305 6 82
4.476899862289429 6 82
4.48382306098938 5 17
4.490886926651001 5 0
4.496906518936157 5 -17
4.504873037338257 4 -35
4.511590957641602 3 -94
4.517708778381348 2 -38
4.524541854858398 2 -98
4.531298398971558 0 -119
4.537128210067749 0 -135
4.544035196304321 -1 -146
4.551109552383423 -3 -161
4.5584397315979 -4 -168
4.56512451171875 -5 -171
4.571869611740112 -6 -175
4.578271865844727 -8 -176
4.585038423538208 -9 -177
4.591853857040405 -10 -167
4.598825454711914 -11 -165
4.606014728546143 -12 -159
4.612976312637329 -13 -149
4.619909286499023 -14 -141
4.625924825668335 -14 -134
4.632907390594482 -15 -118
4.639821767807007 -15 -89
4.645844221115112 -16 -89
4.652852535247803 -16 -72
4.660928010940552 -16 -72
4.666914463043213 -16 -72
4.673722267150879 -16 -72
4.680875301361084 -16 -19
4.694844007492065 -15 18
4.701770067214966 -14 39
4.709996223449707 -14 90
4.7159552574157715 -13 40
4.723134279251099 -12 89
4.730364084243774 -11 117
4.73637318611145 -10 132
4.743071794509888 -9 144
4.749972105026245 -8 158
4.756992340087891 -6 163
4.763817548751831 -5 168
4.770925283432007 -4 172
4.776961803436279 -3 170
4.7839295864105225 -2 168
4.79103684425354 -1 166
4.797048568725586 0 162
4.803832292556763 1 157
4.8117101192474365 2 147
4.817887783050537 3 128
4.825469970703125 4 121
4.8325035572052 4 95
4.839567422866821 4 83
4.845421552658081 5 83
4.8524329662323 5 83
4.86052393913269 5 83
4.866483688354492 5 83
4.873156785964966 5 83
4.879997491836548 4 18
4.8859899044036865 4 0
4.899730443954468 3 -78
4.905714750289917 2 -92
4.9133524894714355 1 -54
4.9205145835876465 0 -108
4.926480770111084 -1 -126
4.933229684829712 -2 -133
4.940407991409302 -3 -151
4.946412563323975 -4 -157
4.953128099441528 -5 -165
4.961325407028198 -7 -173
4.967189788818359 -8 -174
4.973963260650635 -9 -174
4.9810802936553955 -10 -172
4.987093925476074 -11 -170
4.994339466094971 -12 -167
