0 0 0
0.006995439529418945 0 0
0.0149688720703125 0 0
0.02089667320251465 0 2
0.027791976928710938 1 6
0.03492164611816406 1 13
0.040952444076538086 2 30
0.047773122787475586 3 95
0.054849863052368164 3 27
0.06092715263366699 4 95
0.06914496421813965 5 116
0.07591438293457031 6 127
0.08234071731567383 7 130
0.0890648365020752 8 128
0.09585165977478027 9 129
0.10203695297241211 9 126
0.10898709297180176 10 120
0.11704611778259277 11 93
0.12438392639160156 11 78
0.1304163932800293 11 78
0.13720321655273438 12 65
0.14441466331481934 12 65
0.15045452117919922 12 65
0.15718650817871094 12 65
0.1643979549407959 11 21
0.17113590240478516 11 0
0.17801451683044434 11 -19
0.18538665771484375 10 -41
0.19136738777160645 9 -81
0.19804048538208008 9 -96
0.2051401138305664 8 -59
0.2111208438873291 7 -112
0.21905994415283203 6 -120
0.2257990837097168 5 -143
0.23200249671936035 3 -153
0.2389664649963379 2 -161
0.2460026741027832 1 -171
0.2524569034576416 0 -174
0.25913476943969727 -1 -180
0.26591992378234863 -3 -182
0.2739756107330322 -4 -183
0.28663086891174316 -6 -175
0.2936854362487793 -7 -171
0.29982566833496094 -8 -162
0.30716466903686523 -9 -159
0.3144237995147705 -10 -150
0.32122063636779785 -11 -141
0.32808589935302734 -12 -125
0.3351764678955078 -13 -97
0.34117913246154785 -13 -86
0.34804511070251465 -13 -86
0.3551483154296875 -13 -86
0.3611869812011719 -14 -63
0.36919736862182617 -14 -23
0.37649035453796387 -13 -23
0.3833625316619873 -13 -23
0.38931870460510254 -13 0
0.39634132385253906 -12 19
0.40250086784362793 -12 46
0.40926074981689453 -11 85
0.4160447120666504 -10 65
0.42441821098327637 -9 101
0.43039965629577637 -8 112
0.43712496757507324 -7 130
0.44405555725097656 -6 147
0.45007944107055664 -5 158
0.45703911781311035 -4 164
0.4639599323272705 -3 173
0.4709441661834717 -1 177
0.47782421112060547 0 184
0.4851226806640625 1 182
0.4911527633666992 2 177
0.4979245662689209 3 178
0.5052850246429443 5 167
0.5111935138702393 6 166
0.5179941654205322 7 156
0.5259265899658203 7 143
0.5323867797851562 8 138
0.5391538143157959 9 122
0.5463278293609619 9 93
0.5524780750274658 10 93
0.5591814517974854 10 75
0.5659878253936768 10 75
0.5739841461181641 10 75
0.5800247192382812 10 75
0.5870084762573242 10 19
0.5939426422119141 10 0
0.6000010967254639 9 0
0.6071023941040039 9 -18
0.6140134334564209 8 -72
0.6199905872344971 7 -40
0.6277532577514648 6 -91
0.6350035667419434 5 -105
0.6409926414489746 4 -134
0.6478009223937988 3 -146
0.6549220085144043 2 -155
0.6609776020050049 1 -164
0.6679446697235107 0 -172
0.6759135723114014 -2 -179
0.689997673034668 -4 -181
0.6971871852874756 -6 -178
0.7045259475708008 -7 -178
0.7105586528778076 -8 -173
0.717451810836792 -9 -169
0.7255673408508301 -10 -162
0.7317214012145996 -11 -151
0.7386226654052734 -12 -144
0.7454650402069092 -13 -129
0.7516701221466064 -13 -120
0.75856614112854 -13 -87
0.7654926776885986 -14 -87
0.7716655731201172 -14 -71
0.7794156074523926 -14 -71
0.786658763885498 -14 -71
0.7935609817504883 -14 -21
0.7994828224182129 -14 0
0.8065040111541748 -13 0
0.8134007453918457 -13 19
0.8193666934967041 -12 67
0.8272190093994141 -11 83
0.8343865871429443 -11 61
0.8404116630554199 -10 100
0.8480401039123535 -9 121
0.8551375865936279 -7 135
0.861156702041626 -6 147
0.8679759502410889 -5 156
0.8751368522644043 -4 165
0.8824841976165771 -3 173
0.889178991317749 -1 184
0.8964014053344727 0 185
0.9035048484802246 1 180
0.9094583988189697 2 176
0.9165074825286865 3 175
0.9233956336975098 5 169
0.9304509162902832 5 168
0.9371533393859863 7 157
0.9440546035766602 7 143
0.9500374794006348 8 138
0.9570057392120361 9 131
0.9643805027008057 9 117
0.970374584197998 10 86
0.977299690246582 10 66
0.9853649139404297 10 66
0.9913790225982666 10 66
0.9980852603912354 10 66
1.0051698684692383 10 21
1.0111913681030273 10 0
1.017993688583374 9 -19
1.0253880023956299 9 -19
1.0333490371704102 8 -65
1.0392866134643555 7 -97
1.046057939529419 6 -84
1.052469253540039 5 -101
1.0591413974761963 4 -123
1.0658915042877197 3 -144
1.0721006393432617 2 -153
1.085085391998291 0 -168
1.0937814712524414 -2 -177
1.099811315536499 -3 -183
1.1070046424865723 -4 -184
1.1140990257263184 -5 -182
1.1203746795654297 -6 -174
1.1271378993988037 -7 -172
1.1349964141845703 -9 -164
1.1410915851593018 -10 -158
1.1480531692504883 -11 -153
1.1554069519042969 -11 -147
1.161374807357788 -12 -131
1.1680636405944824 -13 -121
1.1751384735107422 -13 -92
1.182466983795166 -14 -79
1.1891684532165527 -14 -79
1.195946216583252 -14 -79
1.202920913696289 -14 -79
1.2092735767364502 -14 -79
1.2163255214691162 -14 -18
1.2224888801574707 -13 -18
1.2291970252990723 -13 0
1.23697829246521 -12 16
1.2438995838165283 -11 76
1.24993896484375 -11 38
1.2569408416748047 -10 54
1.264012336730957 -9 109
1.2699980735778809 -8 126
1.2769646644592285 -7 140
1.2849843502044678 -5 154
1.2910783290863037 -4 161
1.297891616821289 -3 170
1.3050050735473633 -2 178
1.3110616207122803 -1 181
1.3178997039794922 0 185
1.325286865234375 2 183
1.331179141998291 3 181
1.3391907215118408 4 174
1.346039056777954 5 168
1.3524563312530518 6 166
1.3591277599334717 7 152
1.3658819198608398 8 142
1.3720965385437012 9 135
1.3790719509124756 9 123
1.387056827545166 10 93
1.3940038681030273 10 75
1.4000368118286133 10 75
1.407043695449829 10 75
1.414384126663208 10 75
1.4204106330871582 10 75
1.427168607711792 10 18
1.434058427810669 9 0
1.4409496784210205 9 -17
1.4479272365570068 8 -37
1.4550015926361084 7 -90
1.4610047340393066 7 -39
1.4678113460540771 6 -93
1.4749233722686768 5 -116
1.4857189655303955 3 -145
1.495478868484497 2 -154
1.5018723011016846 0 -165
1.5088260173797607 -1 -172
1.5157990455627441 -2 -181
1.5220365524291992 -4 -184
1.5290751457214355 -5 -181
1.5358667373657227 -6 -179
1.54404878616333 -7 -172
1.5500469207763672 -8 -170
1.5570919513702393 -9 -165
1.5644173622131348 -10 -156
1.570406198501587 -11 -151
1.5771002769470215 -12 -143
1.5840320587158203 -12 -124
1.5911498069763184 -13 -93
1.5979788303375244 -13 -93
1.605097770690918 -14 -79
1.6111230850219727 -14 -66
1.6179399490356445 -14 -66
1.6253547668457031 -14 -66
1.631241798400879 -14 -23
1.6390421390533447 -13 0
1.645864725112915 -13 21
1.6520674228668213 -12 45
1.6590321063995361 -12 63
1.6658132076263428 -11 80
1.6723990440368652 -10 64
1.6791050434112549 -9 98
1.6860482692718506 -9 122
1.6940302848815918 -7 135
1.7000365257263184 -6 147
1.7070436477661133 -5 155
1.7139670848846436 -4 165
1.7200043201446533 -3 172
1.7269883155822754 -1 177
1.7339143753051758 0 183
1.7409641742706299 1 181
1.7479729652404785 2 179
1.7551078796386719 4 178
1.7610929012298584 4 167
1.7679190635681152 5 167
1.7750155925750732 7 154
1.7809875011444092 7 145
1.787811040878296 8 131
1.795790433883667 9 124
1.8024446964263916 9 96
1.8091375827789307 10 87
1.8158981800079346 10 87
1.82232666015625 10 67
1.8290934562683105 10 67
1.8358831405639648 10 23
1.8439104557037354 10 23
1.8508555889129639 9 0
1.8575851917266846 9 -20
1.8649396896362305 8 -44
1.8709673881530762 8 -82
1.8777997493743896 7 -63
1.890700101852417 5 -111
1.8987486362457275 4 -131
1.9056591987609863 3 -143
1.9119210243225098 2 -154
1.91890287399292 1 -161
1.9257993698120117 -1 -169
1.9324164390563965 -2 -177
1.939117670059204 -3 -180
1.946977138519287 -5 -181
1.953906774520874 -6 -179
1.9599745273590088 -7 -176
1.9669568538665771 -8 -174
1.9739274978637695 -9 -164
1.9799726009368896 -10 -157
1.9871623516082764 -11 -152
1.9940400123596191 -12 -139
2.0034728050231934 -13 -124
2.0094053745269775 -13 -99
2.0164670944213867 -13 -99
2.0233821868896484 -14 -82
2.0293068885803223 -14 -63
2.036371946334839 -14 -63
2.0434274673461914 -14 -24
2.050400972366333 -14 -24
2.0571250915527344 -13 0
2.064413070678711 -13 21
2.0704257488250732 -13 47
2.077145576477051 -12 60
2.084045648574829 -11 79
2.0900039672851562 -11 65
2.097879409790039 -9 97
2.1051409244537354 -8 119
2.111131191253662 -7 135
2.117922306060791 -6 146
2.125066041946411 -5 155
2.131089448928833 -4 166
2.1378977298736572 -3 173
2.145009994506836 -1 180
2.1523592472076416 0 185
2.159123420715332 1 186
2.1663200855255127 2 179
2.172476053237915 3 176
2.1791396141052246 5 168
2.1859514713287354 5 164
2.192875862121582 7 159
2.2000296115875244 7 145
2.213794708251953 9 130
2.219878911972046 9 117
2.2270281314849854 10 87
2.2339634895324707 10 72
2.2400083541870117 10 72
2.24707293510437 10 72
2.255040407180786 10 72
2.261037588119507 10 20
2.2678520679473877 10 0
2.2749900817871094 9 0
2.280991792678833 8 -68
2.2949368953704834 7 -86
2.3023955821990967 6 -58
2.3091065883636475 5 -102
2.3160221576690674 4 -124
2.3229103088378906 3 -138
2.329205274581909 2 -149
2.3360345363616943 1 -163
2.3434789180755615 0 -166
2.349414110183716 -1 -176
2.357283592224121 -3 -182
2.364605188369751 -4 -178
2.370600938796997 -5 -177
2.377359628677368 -6 -172
2.38454532623291 -7 -167
2.3905534744262695 -8 -167
2.3973703384399414 -9 -159
2.4055657386779785 -11 -149
2.4117133617401123 -11 -145
2.418574571609497 -12 -130
2.425351619720459 -13 -121
2.43123722076416 -13 -93
2.4380099773406982 -13 -93
2.4451401233673096 -14 -74
2.4528985023498535 -14 -74
2.4592695236206055 -14 -74
2.4665093421936035 -14 -74
2.473417282104492 -13 -20
2.4793341159820557 -13 0
2.4863481521606445 -13 18
2.492854595184326 -12 38
2.4991965293884277 -11 89
2.5077831745147705 -10 99
2.515026092529297 -9 88
2.5210115909576416 -8 114
2.5280559062957764 -7 133
2.5351402759552 -6 145
2.541156053543091 -5 158
2.5479652881622314 -4 164
2.5559399127960205 -3 172
2.56240177154541 -1 175
2.5691161155700684 0 180
2.5758891105651855 1 182
2.58284854888916 2 182
2.589191436767578 3 179
2.595953941345215 4 171
2.60209584236145 6 173
2.6097569465637207 7 161
2.6166913509368896 7 153
2.623631000518799 8 142
2.6295042037963867 9 125
2.636542797088623 9 115
2.643618106842041 10 88
2.6495580673217773 10 88
2.6573972702026367 11 68
2.6646206378936768 11 68
2.6706295013427734 11 25
2.677358865737915 10 25
2.6891303062438965 10 -21
2.6971218585968018 9 -47
2.704594135284424 8 -62
2.711862564086914 8 -93
2.718921422958374 7 -65
2.725766897201538 6 -97
2.7319419384002686 5 -118
2.7388575077056885 4 -134
2.7456576824188232 3 -151
2.751826286315918 2 -160
2.7595386505126953 0 -169
2.7667407989501953 -1 -175
2.773646354675293 -2 -184
2.7795650959014893 -3 -184
2.786642551422119 -4 -182
2.7935359477996826 -6 -177
2.799466133117676 -7 -171
2.8065085411071777 -8 -168
2.8146090507507324 -9 -161
2.8206207752227783 -10 -153
2.8275134563446045 -11 -144
2.8346986770629883 -12 -139
2.8407037258148193 -12 -120
2.8487486839294434 -13 -93
2.8554868698120117 -13 -93
2.8634135723114014 -14 -76
2.869380235671997 -14 -76
2.8764984607696533 -14 -31
2.8835747241973877 -14 -31
2.8895070552825928 -14 -31
2.896564245223999 -13 0
2.9034502506256104 -13 22
2.910480499267578 -12 57
2.9172005653381348 -12 51
2.9240760803222656 -11 94
2.9300830364227295 -10 71
2.937045097351074 -9 95
2.9443511962890625 -8 127
2.9503183364868164 -7 134
2.957141399383545 -6 150
2.965157985687256 -5 157
2.971118688583374 -4 169
2.978421926498413 -2 176
2.985297679901123 -1 180
2.9911928176879883 0 181
2.997982978820801 1 182
3.0053396224975586 3 178
3.0124871730804443 4 173
3.019155263900757 5 169
3.0259172916412354 6 161
3.0320992469787598 7 155
3.039038896560669 8 146
3.045823097229004 8 139
3.0520308017730713 9 129
3.059063673019409 9 96
3.067011594772339 10 82
3.0739502906799316 10 69
3.0800185203552246 10 69
3.0937957763671875 10 69
3.0999093055725098 10 20
3.1071929931640625 9 0
3.115149974822998 9 -19
3.121156692504883 9 -40
3.1284003257751465 8 -65
3.135178327560425 7 -97
3.1411733627319336 6 -84
3.1479530334472656 5 -101
3.155052661895752 4 -124
3.1610212326049805 3 -144
3.1689095497131348 2 -153
3.175687789916992 1 -164
3.182035207748413 -1 -170
3.189061403274536 -2 -177
3.1958584785461426 -3 -178
3.2021002769470215 -4 -183
3.209113121032715 -5 -183
3.216970682144165 -7 -178
3.2239015102386475 -7 -168
3.2299911975860596 -8 -162
3.237201452255249 -10 -155
3.2445998191833496 -10 -144
3.2505853176116943 -11 -138
3.2573516368865967 -12 -128
3.2645814418792725 -13 -118
3.271390914916992 -13 -93
3.2780585289001465 -13 -93
3.285144567489624 -14 -73
3.291188955307007 -14 -73
3.2980194091796875 -14 -73
3.3053810596466064 -13 -21
3.311265468597412 -13 -21
3.319164514541626 -13 0
3.3259122371673584 -12 18
3.3321001529693604 -12 40
3.339092493057251 -11 68
3.345911979675293 -10 98
3.3523781299591064 -9 86
3.3591244220733643 -8 113
3.367086410522461 -7 129
3.3744091987609863 -6 147
3.380434274673462 -5 158
3.387218713760376 -4 163
3.3943819999694824 -3 173
3.400440216064453 -2 175
3.407172441482544 0 179
3.414097309112549 1 180
3.421175241470337 2 178
3.428438901901245 3 176
3.4351840019226074 5 173
3.441179037094116 6 167
3.448012351989746 6 159
3.4550938606262207 7 153
3.4610931873321533 8 139
3.469101905822754 9 132
3.4758918285369873 9 122
3.4825127124786377 10 76
3.4960148334503174 10 76
3.5033531188964844 11 59
3.5092902183532715 10 26
3.5165624618530273 10 26
3.524610757827759 10 0
3.530601978302002 10 -23
3.5373857021331787 9 -52
3.5447840690612793 8 -58
3.5507917404174805 7 -93
3.5575504302978516 7 -77
3.5646817684173584 6 -96
3.5717062950134277 5 -129
3.5785536766052246 4 -142
3.585355043411255 3 -148
3.591362953186035 1 -161
3.5980584621429443 0 -167
3.6054418087005615 -1 -175
3.6118693351745605 -2 -179
3.6189494132995605 -4 -180
3.626964569091797 -5 -178
3.6339449882507324 -6 -175
3.639986515045166 -7 -173
3.647017240524292 -8 -167
3.653947114944458 -9 -165
3.659991502761841 -10 -154
3.667123317718506 -11 -142
3.675062417984009 -12 -137
3.681124448776245 -12 -118
3.687934160232544 -13 -92
3.695046901702881 -13 -92
3.7010979652404785 -14 -71
3.7079408168792725 -14 -71
3.715116262435913 -14 -71
3.7224724292755127 -14 -71
3.729205369949341 -13 -20
3.7360026836395264 -13 0
3.742398738861084 -12 18
3.74912166595459 -12 40
3.7560601234436035 -11 68
3.7624833583831787 -10 40
3.7691469192504883 -10 87
3.776970386505127 -9 104
3.7840442657470703 -8 130
3.7900052070617676 -7 143
3.796971321105957 -5 153
3.803920269012451 -4 161
3.8099701404571533 -3 172
3.8169689178466797 -2 177
3.8250274658203125 0 181
3.8310935497283936 1 180
3.8379223346710205 2 181
3.8458645343780518 3 177
3.8520803451538086 5 171
3.859020948410034 6 170
3.86584734916687 6 161
3.872058868408203 7 147
3.8798580169677734 8 140
3.8911900520324707 9 99
3.8998191356658936 10 99
3.9071221351623535 10 81
3.9144279956817627 11 67
3.920469045639038 11 67
3.92866849899292 11 67
3.9354541301727295 10 24
3.9415903091430664 10 0
3.948392868041992 10 -22
3.955188035964966 9 -47
3.961169958114624 8 -63
3.9680848121643066 8 -81
3.975144863128662 7 -66
3.9824750423431396 6 -99
3.9891245365142822 5 -120
3.9958853721618652 4 -137
4.002072811126709 3 -148
4.009033918380737 2 -155
4.015937089920044 1 -166
4.022508859634399 -1 -173
4.0299882888793945 -2 -182
4.036989688873291 -3 -184
4.043985366821289 -5 -183
4.050005197525024 -6 -178
4.0570151805877686 -7 -172
4.0639684200286865 -8 -169
4.070021390914917 -9 -162
4.0778586864471436 -10 -154
4.085141658782959 -11 -144
4.0911548137664795 -12 -136
4.097976207733154 -12 -128
4.10511326789856 -13 -98
4.111128091812134 -13 -86
4.117962837219238 -13 -69
4.1250669956207275 -14 -69
4.132323980331421 -14 -69
4.1390790939331055 -14 -69
4.146060228347778 -13 -20
4.152462959289551 -13 -20
4.159164905548096 -13 0
4.165894269943237 -12 18
4.172327995300293 -11 68
4.179859161376953 -11 88
4.186855792999268 -10 59
4.19377326965332 -9 105
4.199753522872925 -8 124
4.206913709640503 -7 138
4.215399742126465 -5 153
4.221400022506714 -4 164
4.228076934814453 -3 171
4.236335039138794 -2 176
4.242507219314575 -1 177
4.249227523803711 1 181
4.256034851074219 2 179
4.26294732093811 3 180
4.269231081008911 4 173
4.276395559310913 5 171
4.28406548500061 6 158
4.296914100646973 8 143
4.303988456726074 9 138
4.31001877784729 9 128
4.3171374797821045 10 119
4.324557304382324 10 90
4.330591678619385 11 74
4.34243106842041 11 74
4.34912371635437 11 74
4.355904817581177 11 74
4.36239218711853 10 19
4.3690924644470215 10 0
4.375860691070557 9 -18
4.386825799942017 9 -88
4.399433851242065 7 -105
4.414885997772217 4 -134
4.427931070327759 2 -162
4.4434123039245605 -1 -175
4.455710411071777 -3 -186
4.471009731292725 -6 -184
4.485383033752441 -8 -173
4.500519275665283 -10 -159
4.509281158447266 -12 -149
4.51634955406189 -12 -137
4.522873163223267 -13 -130
4.53571891784668 -14 -88
4.546612501144409 -14 -67
4.559769868850708 -15 -67
4.5717291831970215 -14 -20
4.579063653945923 -14 -20
4.585892200469971 -14 0
4.592050313949585 -13 18
4.599046945571899 -13 39
4.606839656829834 -12 88
4.6138153076171875 -11 58
4.619845628738403 -10 85
4.6270225048065186 -9 116
4.6339545249938965 -8 140
4.640001058578491 -7 150
4.64697527885437 -6 157
4.653897762298584 -5 164
4.661009788513184 -3 170
4.668055057525635 -2 174
4.675140619277954 -1 174
4.68118143081665 0 174
4.69320273399353 2 169
4.70126748085022 3 162
4.709437847137451 4 147
4.716658592224121 5 140
4.7236833572387695 6 124
4.729625463485718 6 116
4.736746549606323 7 116
4.74377703666687 7 87
4.7498884201049805 8 71
4.756911516189575 8 71
4.764817476272583 8 71
4.770799398422241 7 21
4.777547121047974 7 21
4.784779787063599 7 0
4.790738105773926 6 -19
4.7975685596466064 6 -42
4.804934024810791 5 -66
4.812034606933594 4 -41
4.818951606750488 3 -85
4.825687885284424 3 -114
4.831848382949829 2 -130
4.838795900344849 1 -143
4.846463203430176 -1 -157
4.853388786315918 -2 -166
4.859305381774902 -3 -174
4.867339849472046 -5 -179
4.874538421630859 -6 -178
4.880563497543335 -7 -180
4.8873610496521 -8 -179
4.894557237625122 -9 -176
4.900597810745239 -10 -169
4.907347917556763 -11 -162
4.915410041809082 -13 -155
4.921393156051636 -13 -149
4.928663969039917 -14 -134
4.9354658126831055 -15 -124
4.941637754440308 -15 -97
4.948429107666016 -16 -85
4.955183029174805 -16 -74
4.962909460067749 -16 -74
4.969256639480591 -16 -74
4.976333379745483 -16 -74
4.983353137969971 -16 -20
4.989328861236572 -16 0
4.996322870254517 -15 0
