0 0 0
0.005797624588012695 0 0
0.01284646987915039 1 2
0.020174264907836914 1 6
0.03373289108276367 2 14
0.04163169860839844 2 66
0.048697471618652344 3 28
0.0545804500579834 4 52
0.06173086166381836 5 108
0.06872677803039551 6 128
0.07463598251342773 7 142
0.08162832260131836 8 151
0.08844828605651855 9 164
0.09545421600341797 11 171
0.10216140747070312 12 179
0.10908246040344238 13 189
0.11505985260009766 14 192
0.12204885482788086 16 191
0.1290760040283203 17 197
0.13508200645446777 18 199
0.14287114143371582 20 201
0.15013527870178223 22 207
0.15613412857055664 23 215
0.1629338264465332 24 212
0.17003107070922852 26 218
0.17604804039001465 27 218
0.18291044235229492 29 214
0.1901705265045166 30 220
0.1974027156829834 32 217
0.20414471626281738 34 221
0.21093440055847168 35 221
0.21735072135925293 37 223
0.224137544631958 38 224
0.23181605339050293 39 220
0.23871278762817383 41 222
0.24576139450073242 43 220
0.2526075839996338 44 223
0.2598106861114502 46 224
0.26582837104797363 47 225
0.2725796699523926 49 225
0.2798612117767334 51 225
0.2859361171722412 52 226
0.2938094139099121 53 225
0.3005654811859131 55 224
0.30684828758239746 57 227
0.31377696990966797 58 227
0.32051682472229004 60 225
0.3266627788543701 61 223
0.33344554901123047 62 220
0.3402085304260254 64 219
0.34740710258483887 66 223
0.35414552688598633 67 222
0.3609328269958496 69 223
0.36752796173095703 70 224
0.3742256164550781 72 218
0.3810460567474365 73 225
0.38744568824768066 75 218
0.3949708938598633 76 219
0.40198659896850586 78 218
0.40911054611206055 79 215
0.4150807857513428 80 216
0.42203593254089355 83 211
0.43584322929382324 85 210
0.44278621673583984 86 213
0.45090556144714355 88 210
0.457470178604126 90 212
0.4642059803009033 91 210
0.4709455966949463 92 213
0.47736167907714844 94 212
0.48409438133239746 95 213
0.4910428524017334 96 213
0.4990577697753906 98 211
0.5050623416900635 99 206
0.5120906829833984 101 206
0.518963098526001 102 206
0.5249917507171631 103 205
0.5319855213165283 105 205
0.539071798324585 106 208
0.5450527667999268 108 203
0.5529656410217285 109 205
0.560070276260376 111 202
0.5660727024078369 112 199
0.5728645324707031 113 194
0.5799560546875 115 195
0.5859963893890381 116 197
0.592853307723999 117 199
0.6007165908813477 119 198
0.6070370674133301 120 197
0.6140139102935791 121 193
0.6208193302154541 122 190
0.62703537940979 124 186
0.6339466571807861 125 191
0.6406981945037842 126 190
0.6468906402587891 128 188
0.6545352935791016 129 187
0.6615440845489502 130 188
0.6686408519744873 131 188
0.674572229385376 133 188
0.6815979480743408 134 181
0.6884357929229736 135 187
0.6943325996398926 136 180
0.7020320892333984 138 181
0.7089893817901611 139 180
0.7149941921234131 140 179
0.7219991683959961 141 179
0.7293622493743896 142 178
0.7353830337524414 145 174
0.750817060470581 146 176
0.7570703029632568 148 178
0.7640416622161865 149 178
0.77081298828125 150 175
0.7770109176635742 151 171
0.7839717864990234 152 168
0.7909219264984131 153 167
0.7975196838378906 154 170
0.8050811290740967 155 168
0.8120462894439697 157 160
0.8189737796783447 158 166
0.83170485496521 159 157
0.838792085647583 161 159
0.8447775840759277 162 154
0.8529539108276367 163 155
0.8601984977722168 164 155
0.8662052154541016 165 153
0.8730552196502686 166 153
0.8801844120025635 167 154
0.8861801624298096 168 150
0.8930721282958984 169 150
0.9001858234405518 170 148
0.9084982872009277 171 145
0.9144492149353027 172 145
0.9215140342712402 173 144
0.928614616394043 174 141
0.9345552921295166 175 141
0.9416351318359375 176 139
0.9485445022583008 177 139
0.9555990695953369 178 140
0.9623184204101562 179 138
0.9696824550628662 180 137
0.9756791591644287 181 132
0.9824113845825195 181 129
0.9895703792572021 182 127
0.9955906867980957 183 126
1.0023627281188965 184 128
1.010422706604004 185 130
1.016404628753662 186 126
1.0230813026428223 186 123
1.0304925441741943 187 122
1.0366320610046387 188 119
1.0434808731079102 189 117
1.0503566265106201 190 117
1.058542013168335 191 120
1.0644466876983643 191 119
1.07149076461792 192 116
1.078381061553955 193 115
1.0843403339385986 193 110
1.0915963649749756 194 108
1.0985286235809326 195 105
1.104487657546997 195 105
1.1123130321502686 196 104
1.1195275783538818 197 105
1.1255426406860352 197 102
1.1323163509368896 198 98
1.139495849609375 199 96
1.1454830169677734 199 95
1.1523830890655518 200 96
1.1604499816894531 201 95
1.1664433479309082 201 88
1.173124074935913 202 85
1.18021559715271 203 83
1.1861934661865234 203 82
1.1934340000152588 203 82
1.2002174854278564 204 81
1.2062358856201172 205 80
1.2143807411193848 205 78
1.22149658203125 206 77
1.2346868515014648 207 76
1.2419617176055908 207 74
1.2490477561950684 208 71
1.255035638809204 208 69
1.262899398803711 209 66
1.2701702117919922 209 64
1.276207685470581 209 63
1.2830150127410889 210 63
1.2900969982147217 210 61
1.296123743057251 211 60
1.3029274940490723 211 58
1.3109617233276367 211 57
1.3178834915161133 212 57
1.3242213726043701 212 56
1.3314461708068848 212 56
1.3379817008972168 213 50
1.3442964553833008 213 47
1.3510816097259521 213 47
1.3575305938720703 214 44
1.36503267288208 214 44
1.3719956874847412 214 41
1.3789305686950684 214 41
1.3849594593048096 215 41
1.3921446800231934 215 41
1.399017095565796 215 41
1.4049899578094482 215 35
1.4128389358520508 215 35
1.4199633598327637 216 32
1.4259791374206543 216 32
1.4327905178070068 216 32
1.4398791790008545 216 32
1.4459161758422852 216 25
1.4528412818908691 216 25
1.45993971824646 216 25
1.4670050144195557 216 25
1.4739129543304443 216 25
1.480696201324463 217 21
1.486825704574585 217 21
1.4936800003051758 217 21
1.5004379749298096 217 21
1.5062634944915771 217 21
1.5144152641296387 217 21
1.5214381217956543 217 21
1.527949333190918 217 12
1.53424072265625 217 12
1.541038990020752 217 12
1.547485113143921 217 12
1.5541465282440186 217 12
1.560896396636963 217 12
1.569108247756958 217 12
1.5750534534454346 217 6
1.5821292400360107 217 6
1.5889732837677002 217 6
1.594958782196045 217 6
1.6019012928009033 217 6
1.6087238788604736 217 6
1.615689992904663 217 6
1.6223762035369873 217 6
1.6354174613952637 217 2
1.6422011852264404 217 2
1.6496100425720215 217 2
1.6556119918823242 217 2
1.6624152660369873 217 2
1.6704132556915283 217 2
1.6762723922729492 217 0
1.683009147644043 217 0
1.6903457641601562 217 0
1.696152925491333 217 0
1.7029104232788086 217 0
1.7101378440856934 217 0
1.7174293994903564 217 0
1.7240912914276123 217 0
1.7308664321899414 217 0
1.7370309829711914 216 -3
1.7439744472503662 216 -3
1.7509233951568604 216 -3
1.7573645114898682 216 -3
1.764115810394287 216 -3
1.7719361782073975 216 -3
1.7788538932800293 216 -3
1.784928798675537 216 -3
1.7919325828552246 216 -8
1.7988014221191406 216 -8
1.8046848773956299 216 -8
1.8119544982910156 216 -8
1.8199446201324463 216 -8
1.8259739875793457 216 -8
1.8326871395111084 216 -8
1.8400976657867432 216 -8
1.8461203575134277 216 -8
1.85292649269104 216 -8
1.860044240951538 216 -8
1.8660964965820312 215 -7
1.8742401599884033 215 -7
1.8810725212097168 215 -16
1.8875207901000977 215 -16
1.894221544265747 215 -16
1.9010610580444336 214 -14
1.9074957370758057 214 -29
1.9141857624053955 214 -29
1.9220023155212402 213 -35
1.9291212558746338 213 -35
1.9351301193237305 213 -39
1.9421007633209229 213 -39
1.949026346206665 212 -43
1.9550344944000244 212 -45
1.962019920349121 211 -47
1.969130039215088 211 -47
1.9760456085205078 211 -50
1.9828300476074219 210 -53
1.9901256561279297 210 -57
1.9985806941986084 209 -58
2.004528284072876 209 -61
2.0115725994110107 209 -62
2.0185112953186035 208 -64
2.0255677700042725 208 -66
2.0394530296325684 207 -69
2.045501708984375 206 -71
2.0524444580078125 206 -72
2.05976939201355 205 -74
2.065783977508545 205 -75
2.0738344192504883 204 -77
2.080681324005127 203 -77
2.08687424659729 203 -80
2.093811511993408 202 -83
2.100756883621216 202 -85
2.1073737144470215 201 -85
2.114145517349243 200 -86
2.1209089756011963 200 -89
2.1289279460906982 199 -92
2.135004758834839 199 -93
2.1419994831085205 198 -95
2.1489360332489014 197 -97
2.1549665927886963 197 -98
2.1619961261749268 196 -98
2.169107675552368 195 -99
2.1761772632598877 194 -100
2.1830193996429443 194 -102
2.196422815322876 192 -107
2.2031006813049316 191 -108
2.210317611694336 191 -109
2.21622633934021 190 -111
2.223068952560425 189 -113
2.2322301864624023 188 -115
2.239365577697754 187 -116
2.245119333267212 187 -118
2.2520785331726074 185 -120
2.259052038192749 185 -121
2.2650885581970215 184 -123
2.272078275680542 183 -125
2.2801084518432617 182 -126
2.286165952682495 181 -126
2.2934165000915527 180 -128
2.300187110900879 179 -129
2.3061952590942383 179 -130
2.3130834102630615 178 -133
2.3205175399780273 177 -135
2.3284153938293457 176 -136
2.334352970123291 175 -137
2.3413586616516113 174 -138
2.348531484603882 173 -137
2.3544728755950928 172 -137
2.361811637878418 171 -141
2.3687069416046143 170 -144
2.3747801780700684 169 -146
2.382535457611084 168 -147
2.3896994590759277 167 -147
2.395674705505371 166 -147
2.402414321899414 165 -150
2.4097752571105957 164 -148
2.4157862663269043 163 -154
2.4225330352783203 162 -156
2.435086488723755 159 -158
2.443030834197998 159 -156
2.450437307357788 157 -157
2.4564197063446045 156 -159
2.4636857509613037 155 -158
2.4707047939300537 154 -163
2.476893424987793 153 -164
2.484541893005371 152 -167
2.491783618927002 151 -167
2.498676061630249 149 -168
2.504615306854248 148 -165
2.511662006378174 147 -174
2.518566608428955 146 -169
2.524526596069336 145 -171
2.532475233078003 143 -174
2.5396578311920166 142 -176
2.5456721782684326 141 -177
2.5524351596832275 140 -178
2.559621810913086 139 -179
2.565624713897705 138 -181
2.5723822116851807 136 -180
2.5804238319396973 135 -179
2.586455821990967 134 -181
2.593701124191284 133 -185
2.6004998683929443 131 -185
2.606670379638672 130 -186
2.613590955734253 129 -185
2.6205146312713623 127 -185
2.626696825027466 126 -188
2.6343741416931152 125 -187
2.641477346420288 124 -187
2.6485891342163086 122 -188
2.654531478881836 121 -191
2.6615982055664062 120 -195
2.668519973754883 118 -195
2.6744766235351562 117 -194
2.6823699474334717 115 -194
2.6895577907562256 114 -195
2.695596218109131 113 -199
2.7023868560791016 111 -196
2.709740161895752 110 -199
2.7157089710235596 109 -198
2.722432851791382 107 -198
2.729691743850708 106 -201
2.736804246902466 105 -200
2.7436904907226562 103 -203
2.750619888305664 102 -206
2.756761074066162 100 -207
2.763699531555176 99 -207
2.7706146240234375 97 -210
2.776773452758789 96 -209
2.7845230102539062 95 -206
2.7915961742401123 93 -210
2.7985262870788574 92 -206
2.8044698238372803 90 -207
2.8115668296813965 89 -211
2.8184611797332764 87 -208
2.824436664581299 86 -209
2.8390703201293945 83 -209
2.84507155418396 82 -211
2.8522255420684814 80 -213
2.8595736026763916 79 -214
2.865593194961548 78 -217
2.872307300567627 76 -214
2.8797128200531006 75 -216
2.8869082927703857 73 -215
2.8938965797424316 71 -217
2.9006834030151367 70 -219
2.9068634510040283 69 -218
2.913839101791382 67 -220
2.920597791671753 65 -220
2.9267778396606445 64 -221
2.933694362640381 62 -222
2.941624641418457 61 -223
2.9487061500549316 59 -220
2.954618215560913 58 -224
2.961678981781006 56 -224
2.9685981273651123 55 -225
2.974527359008789 53 -225
2.98158597946167 52 -224
2.9895098209381104 50 -224
2.9955241680145264 49 -228
3.0022945404052734 47 -226
3.009695529937744 46 -228
3.0157041549682617 44 -225
3.0224056243896484 43 -224
3.02966046333313 41 -227
3.035668134689331 39 -225
3.0435822010040283 38 -227
3.050394296646118 36 -228
3.056292772293091 35 -224
3.063107490539551 33 -226
3.0705039501190186 32 -229
3.0766994953155518 30 -225
3.0835866928100586 29 -230
3.091356039047241 27 -229
3.097543239593506 25 -227
3.1042368412017822 24 -230
3.111048936843872 22 -231
3.117465019226074 21 -232
3.1242012977600098 19 -229
3.1313910484313965 18 -231
3.1394412517547607 16 -228
3.1455276012420654 15 -225
3.152332067489624 13 -226
3.1596055030822754 11 -225
3.1656136512756348 10 -227
3.1723766326904297 8 -226
3.179551601409912 7 -228
3.185567617416382 5 -228
3.1934752464294434 4 -226
3.200216770172119 2 -228
3.206195592880249 1 -226
3.213019847869873 -1 -226
3.220154285430908 -3 -228
3.226201057434082 -4 -227
3.2416510581970215 -7 -227
3.2488579750061035 -9 -227
3.254910469055176 -10 -229
3.262122392654419 -12 -229
3.2695682048797607 -14 -229
3.2756080627441406 -15 -229
3.282365322113037 -17 -227
3.2895796298980713 -19 -229
3.2964465618133545 -20 -230
3.3034682273864746 -21 -230
3.310513496398926 -23 -229
3.3166511058807373 -25 -230
3.323479413986206 -26 -231
3.330420732498169 -28 -230
3.3363990783691406 -29 -229
3.3443315029144287 -31 -229
3.351412534713745 -32 -225
3.3579790592193604 -34 -223
3.36430287361145 -36 -227
3.3715476989746094 -37 -223
3.3784241676330566 -39 -225
3.384366989135742 -40 -227
3.3914332389831543 -42 -228
3.3995132446289062 -43 -228
3.405596971511841 -45 -227
3.412341356277466 -47 -228
3.4196159839630127 -48 -225
3.4256186485290527 -50 -227
3.4324920177459717 -51 -228
3.439704418182373 -52 -227
3.4467148780822754 -54 -227
3.4536476135253906 -56 -228
3.460442066192627 -57 -226
3.466423749923706 -59 -223
3.473088502883911 -60 -224
3.480193853378296 -62 -223
3.4861910343170166 -63 -222
3.4934844970703125 -65 -226
3.5013928413391113 -66 -219
3.507934093475342 -68 -219
3.514317512512207 -69 -221
3.5213725566864014 -71 -218
3.5283854007720947 -73 -224
3.5343520641326904 -74 -219
3.5414113998413086 -75 -220
3.5495541095733643 -77 -217
3.555596113204956 -78 -216
3.562331438064575 -80 -217
3.5695502758026123 -81 -213
3.5755558013916016 -82 -214
3.5823001861572266 -84 -211
3.5894811153411865 -85 -212
3.596245288848877 -87 -213
3.6030871868133545 -88 -215
3.610445737838745 -90 -214
3.616391658782959 -91 -211
3.6230812072753906 -93 -212
3.6303460597991943 -94 -209
3.6429929733276367 -97 -210
3.6513566970825195 -98 -212
3.6586172580718994 -100 -211
3.6645548343658447 -101 -210
3.671900510787964 -103 -209
3.678805351257324 -104 -206
3.6848273277282715 -105 -204
3.6918115615844727 -107 -201
3.699667453765869 -108 -204
3.705660343170166 -109 -198
3.712390899658203 -111 -198
3.722604990005493 -113 -195
3.7300074100494385 -115 -197
3.736074209213257 -116 -196
3.742886543273926 -117 -198
3.7507431507110596 -118 -196
3.757361888885498 -120 -194
3.764134645462036 -121 -193
3.7709171772003174 -122 -192
3.777369976043701 -124 -191
3.7841036319732666 -125 -190
3.7910702228546143 -126 -188
3.797518014907837 -128 -194
3.80507493019104 -129 -188
3.8120365142822266 -130 -185
3.818950653076172 -131 -183
3.8250277042388916 -132 -184
3.832031488418579 -134 -188
3.838979482650757 -135 -183
3.8450381755828857 -136 -180
3.853065252304077 -137 -177
3.8601608276367188 -139 -179
3.8662028312683105 -140 -179
3.873042106628418 -141 -178
3.880159616470337 -142 -177
3.8861639499664307 -143 -175
3.892977237701416 -145 -173
3.9001502990722656 -146 -173
3.9079666137695312 -147 -177
3.914320230484009 -148 -174
3.9215188026428223 -149 -165
3.928441286087036 -151 -167
3.9343559741973877 -152 -163
3.941396474838257 -153 -163
3.947986602783203 -154 -165
3.9554336071014404 -155 -161
3.9621660709381104 -156 -161
3.969449758529663 -157 -158
3.9754607677459717 -158 -156
3.982192277908325 -159 -157
3.989126443862915 -160 -156
3.995398998260498 -161 -156
4.003010272979736 -162 -156
4.010156631469727 -164 -153
4.016167640686035 -165 -153
4.023035526275635 -165 -150
4.030407667160034 -167 -148
4.042963266372681 -168 -147
4.050469398498535 -170 -149
4.058656930923462 -171 -148
4.064569711685181 -171 -143
4.071746110916138 -172 -143
4.081468820571899 -174 -140
4.091827630996704 -175 -140
4.09877872467041 -176 -137
4.105798006057739 -177 -135
4.112516641616821 -178 -134
4.119741916656494 -179 -133
4.125711679458618 -180 -131
4.13242506980896 -181 -130
4.139601469039917 -181 -129
4.145617485046387 -182 -127
4.152462959289551 -183 -128
4.160584449768066 -184 -126
4.16678261756897 -185 -124
4.173689603805542 -186 -121
4.180689334869385 -187 -120
4.186866283416748 -187 -117
4.195367097854614 -188 -115
4.202171802520752 -189 -114
4.210374116897583 -190 -115
4.216272830963135 -191 -114
4.223073244094849 -191 -113
4.230856657028198 -192 -111
4.237360954284668 -193 -109
4.244117975234985 -194 -106
4.250892400741577 -194 -105
4.258923292160034 -195 -102
4.26496958732605 -195 -98
4.272145509719849 -196 -96
4.279065847396851 -197 -95
4.291771173477173 -198 -98
4.298678398132324 -199 -95
4.304581880569458 -199 -88
4.312633037567139 -200 -86
4.319839000701904 -201 -84
4.32587456703186 -201 -85
4.332841396331787 -202 -83
4.3399739265441895 -202 -82
4.3460423946380615 -203 -82
4.352921485900879 -203 -80
4.360766410827637 -204 -78
4.3669891357421875 -204 -76
4.373981714248657 -205 -74
4.380747556686401 -205 -74
4.387344598770142 -206 -72
4.394107818603516 -206 -70
4.400872707366943 -207 -69
4.40736722946167 -207 -66
4.414961099624634 -207 -65
4.42199182510376 -208 -65
4.428984642028809 -208 -63
4.4406578540802 -209 -59
4.449363470077515 -209 -57
4.455387353897095 -210 -57
4.4635703563690186 -210 -56
4.4704883098602295 -211 -53
4.476665019989014 -211 -53
4.483466625213623 -211 -51
4.490392208099365 -211 -51
4.496274709701538 -212 -47
4.503051519393921 -212 -45
4.511074066162109 -212 -45
4.517882585525513 -213 -42
4.524216175079346 -213 -42
4.530976057052612 -213 -39
4.537391424179077 -213 -39
4.544155120849609 -213 -39
4.550970077514648 -214 -36
4.557427406311035 -214 -36
4.564996719360352 -214 -31
4.572154760360718 -214 -31
4.579094409942627 -214 -31
4.585113286972046 -214 -31
4.592081546783447 -215 -26
4.598974943161011 -215 -26
4.605003595352173 -215 -26
4.612879276275635 -215 -26
4.620032787322998 -215 -26
4.626049041748047 -215 -26
4.633019924163818 -215 -26
4.640157699584961 -215 -26
4.646149158477783 -215 -13
4.652958154678345 -215 -13
4.660057783126831 -215 -13
4.66739296913147 -215 -13
4.674149513244629 -215 -13
4.680902719497681 -215 -13
4.687467336654663 -215 -13
4.694141626358032 -215 -6
4.701404571533203 -215 -6
4.707882881164551 -215 -6
4.714992046356201 -215 -6
4.721954584121704 -215 -6
4.7289509773254395 -215 -6
4.734979152679443 -215 -6
4.741921901702881 -215 -2
4.749008655548096 -215 -2
4.75504469871521 -215 -2
4.762004137039185 -215 -2
4.769963264465332 -215 -2
4.775966644287109 -215 -2
4.782667875289917 -215 -2
4.7898712158203125 -215 -2
4.795893430709839 -215 0
4.8024983406066895 -215 0
4.809736967086792 -215 0
4.816716909408569 -215 0
4.823482275009155 -215 0
4.83044958114624 -215 0
4.8418848514556885 -215 0
4.850003242492676 -215 0
4.85598349571228 -215 0
4.862878084182739 -215 0
4.871058225631714 -215 0
4.877416610717773 -215 0
4.884082317352295 -215 0
4.8908069133758545 -214 2
4.896958589553833 -214 2
4.903871059417725 -214 2
4.9106409549713135 -214 2
4.918497085571289 -214 2
4.924435138702393 -214 2
4.931620836257935 -214 2
4.938467264175415 -214 2
4.9443747997283936 -214 2
4.951073884963989 -214 2
4.9579832553863525 -214 2
4.964271783828735 -214 2
4.972067832946777 -214 2
4.978964805603027 -214 2
4.984982490539551 -214 2
4.992113351821899 -214 2
4.998997926712036 -214 2
