0 0 0
0.005737781524658203 0 0
0.012533187866210938 0 0
0.019810199737548828 0 0
0.02689075469970703 1 9
0.03378629684448242 1 23
0.04053974151611328 2 99
0.046648502349853516 2 23
0.054198265075683594 3 42
0.06122922897338867 4 118
0.0673530101776123 5 126
0.07485365867614746 6 144
0.08185887336730957 8 151
0.0888969898223877 9 156
0.09484434127807617 10 160
0.10199928283691406 11 164
0.10886764526367188 12 166
0.11490392684936523 13 167
0.1218724250793457 14 167
0.12984204292297363 16 162
0.13586211204528809 17 158
0.14272046089172363 17 156
0.14999818801879883 19 151
0.15599322319030762 19 145
0.16280889511108398 20 142
0.16989874839782715 21 130
0.17721319198608398 22 125
0.1839919090270996 23 115
0.19077062606811523 23 97
0.19694948196411133 24 91
0.20387959480285645 24 91
0.2108290195465088 24 80
0.2172389030456543 25 62
0.22400283813476562 25 62
0.23192858695983887 25 62
0.2388596534729004 25 43
0.24491024017333984 25 43
0.251906156539917 25 43
0.25878405570983887 25 17
0.264850378036499 25 17
0.27198147773742676 25 17
0.2798423767089844 24 0
0.28582763671875 24 -14
0.2926599979400635 23 -36
0.29975080490112305 23 -45
0.3057522773742676 22 -62
0.3124711513519287 22 -73
0.31964969635009766 21 -90
0.32567787170410156 20 -99
0.3337712287902832 19 -95
0.340557336807251 19 -111
0.346712589263916 18 -124
0.3536074161529541 17 -128
0.3655829429626465 14 -151
0.3741884231567383 13 -161
0.3820662498474121 12 -168
0.38948941230773926 11 -178
0.3954737186431885 9 -185
0.40225911140441895 8 -188
0.4094212055206299 7 -192
0.4153714179992676 6 -194
0.42206788063049316 4 -196
0.42895030975341797 2 -202
0.4359893798828125 1 -206
0.44278693199157715 0 -208
0.4500243663787842 -2 -210
0.45603251457214355 -3 -211
0.46350812911987305 -4 -211
0.47029972076416016 -6 -214
0.47626519203186035 -7 -210
0.48414158821105957 -9 -206
0.49140429496765137 -10 -204
0.4983100891113281 -12 -203
0.5042979717254639 -13 -200
0.5115342140197754 -14 -196
0.5184571743011475 -15 -182
0.5243871212005615 -16 -176
0.5321671962738037 -18 -171
0.5393774509429932 -19 -169
0.5454416275024414 -20 -158
0.5522565841674805 -21 -153
0.559445858001709 -22 -149
0.5654613971710205 -23 -137
0.5722920894622803 -23 -129
0.5795021057128906 -24 -121
0.5865726470947266 -25 -98
0.5933380126953125 -25 -94
0.6001818180084229 -25 -94
0.6060581207275391 -26 -81
0.6129062175750732 -26 -69
0.6202549934387207 -26 -69
0.6261379718780518 -27 -51
0.6341707706451416 -27 -51
0.6412158012390137 -27 -51
0.6473705768585205 -27 -51
0.6540279388427734 -26 -16
0.6607894897460938 -26 -16
0.6669847965240479 -26 -16
0.6739616394042969 -26 0
0.6807072162628174 -25 14
0.6889264583587646 -25 31
0.6949245929718018 -25 45
0.7019081115722656 -24 63
0.7088348865509033 -23 76
0.7148745059967041 -23 92
0.7218551635742188 -22 78
0.7287752628326416 -21 98
0.7359161376953125 -20 112
0.74273681640625 -19 124
0.7500200271606445 -18 133
0.7559981346130371 -17 142
0.7695872783660889 -15 157
0.7755393981933594 -14 167
0.7823786735534668 -13 174
0.7905943393707275 -11 185
0.7969317436218262 -9 189
0.8038763999938965 -8 197
0.8107795715332031 -7 194
0.8172106742858887 -5 199
0.8239400386810303 -4 199
0.8307368755340576 -3 203
0.8387162685394287 -1 210
0.8447728157043457 0 210
0.8517963886260986 2 211
0.858675479888916 3 212
0.8646376132965088 4 209
0.8717498779296875 6 208
0.8789072036743164 7 208
0.8848915100097656 9 204
0.8926975727081299 10 203
0.899803876876831 11 196
0.9058520793914795 13 190
0.9127039909362793 14 184
0.9198312759399414 15 179
0.9258687496185303 16 172
0.9328758716583252 17 169
0.9407947063446045 18 159
0.947211742401123 19 153
0.9539737701416016 20 144
0.9607484340667725 21 134
0.9669394493103027 22 126
0.973931074142456 22 117
0.9807307720184326 23 112
0.987356424331665 23 90
0.9949233531951904 24 83
1.0018999576568604 24 68
1.008974313735962 24 68
1.0151994228363037 24 52
1.0219392776489258 25 52
1.0289266109466553 25 52
1.0349535942077637 25 52
1.0428047180175781 25 52
1.0507731437683105 24 15
1.0572316646575928 24 15
1.0639972686767578 24 0
1.0707521438598633 24 -14
1.0769565105438232 23 -14
1.0839338302612305 23 -31
1.0917465686798096 22 -52
1.0986719131469727 21 -76
1.1047000885009766 21 -85
1.1118767261505127 20 -80
1.1188242435455322 19 -90
1.1248695850372314 19 -106
1.1318504810333252 17 -119
1.1389331817626953 17 -130
1.1459929943084717 15 -144
1.1528983116149902 14 -148
1.16001296043396 13 -162
1.1728308200836182 11 -172
1.1802258491516113 9 -183
1.1860542297363281 8 -188
1.1942408084869385 7 -193
1.2013769149780273 5 -193
1.2082819938659668 4 -196
1.2141809463500977 3 -200
1.22121000289917 1 -204
1.2278499603271484 0 -206
1.2341456413269043 -2 -209
1.240931749343872 -3 -209
1.2489514350891113 -5 -214
1.2549405097961426 -6 -214
1.2619047164916992 -8 -209
1.269249677658081 -9 -210
1.275303840637207 -10 -206
1.282064437866211 -12 -201
1.2893733978271484 -13 -197
1.2961513996124268 -14 -192
1.3029508590698242 -15 -187
1.3100452423095703 -17 -181
1.3160560131072998 -18 -173
1.3228933811187744 -19 -167
1.3300361633300781 -20 -163
1.3360445499420166 -21 -153
1.3428611755371094 -22 -144
1.3512370586395264 -23 -139
1.3573999404907227 -23 -134
1.3640778064727783 -24 -124
1.370821475982666 -25 -117
1.3772156238555908 -25 -97
1.3839046955108643 -26 -85
1.3906893730163574 -26 -72
1.3988466262817383 -26 -72
1.4048690795898438 -27 -58
1.411987066268921 -27 -58
1.4189345836639404 -27 -58
1.4249122142791748 -27 -58
1.4318625926971436 -27 -58
1.4387731552124023 -27 -58
1.4448182582855225 -26 -14
1.452695608139038 -26 -14
1.4597804546356201 -26 0
1.465742826461792 -25 13
1.4726827144622803 -25 28
1.4797883033752441 -24 54
1.4858150482177734 -24 67
1.4925031661987305 -23 78
1.5005731582641602 -22 94
1.5067403316497803 -22 90
1.5136902332305908 -21 100
1.5204389095306396 -20 113
1.5267529487609863 -19 124
1.5337209701538086 -18 137
1.5443394184112549 -16 154
1.5597214698791504 -13 172
1.5818767547607422 -9 193
1.5959250926971436 -6 200
1.6117546558380127 -3 203
1.624274730682373 0 207
1.6395812034606934 2 214
1.6524710655212402 6 215
1.6667418479919434 9 210
1.6794853210449219 11 208
1.6854939460754395 12 204
1.6922407150268555 13 195
1.6994948387145996 14 189
1.7054829597473145 16 181
1.712313175201416 17 178
1.722970962524414 19 163
1.7385590076446533 21 146
1.7488148212432861 22 138
1.755431890487671 23 132
1.762157678604126 23 123
1.7694711685180664 24 98
1.7754552364349365 24 92
1.7829468250274658 25 79
1.7903234958648682 25 79
1.7962689399719238 26 64
1.8029601573944092 26 64
1.8100359439849854 26 64
1.8160479068756104 26 64
1.8228209018707275 26 64
1.831261157989502 26 64
1.8377814292907715 26 64
1.8440968990325928 25 13
1.8508915901184082 25 13
1.857323169708252 25 0
1.8639578819274902 24 -12
1.8707289695739746 24 -26
1.8769302368164062 23 -58
1.8847243785858154 23 -71
1.8918886184692383 22 -82
1.8988311290740967 21 -99
1.9048657417297363 21 -95
1.9118502140045166 20 -103
1.9189820289611816 19 -117
1.9249744415283203 18 -129
1.932812213897705 17 -144
1.9399144649505615 15 -152
1.945894718170166 14 -159
1.9529342651367188 13 -167
1.960019826889038 12 -176
1.970808982849121 9 -188
1.979673147201538 8 -191
1.9868781566619873 6 -194
1.993821620941162 5 -197
2.002206802368164 3 -204
2.009556770324707 2 -206
2.0154976844787598 1 -210
2.022181987762451 -1 -209
2.029492139816284 -2 -210
2.036560535430908 -4 -211
2.0433189868927 -5 -210
2.051271915435791 -7 -210
2.0578250885009766 -8 -208
2.0641636848449707 -9 -205
2.0713727474212646 -11 -203
2.078280448913574 -12 -196
2.0852670669555664 -13 -188
2.091991662979126 -15 -183
2.098928689956665 -16 -178
2.1049304008483887 -17 -172
2.1118924617767334 -18 -166
2.1187894344329834 -19 -156
2.1248250007629395 -20 -146
2.1324453353881836 -21 -142
2.140638828277588 -22 -133
2.1469674110412598 -23 -123
2.1538736820220947 -23 -115
2.1606638431549072 -23 -92
2.1668407917022705 -24 -82
2.1737866401672363 -24 -82
2.180706024169922 -25 -69
2.1889469623565674 -25 -59
2.1949310302734375 -25 -59
2.2018795013427734 -25 -59
2.208791732788086 -25 -59
2.2148029804229736 -25 -59
2.2218124866485596 -25 -59
2.228703498840332 -25 -59
2.234745502471924 -25 -13
2.2424228191375732 -25 -13
2.249749183654785 -24 0
2.2621817588806152 -23 27
2.2693779468536377 -23 58
2.2754034996032715 -22 69
2.282136917114258 -22 79
2.2900617122650146 -21 99
2.2960705757141113 -20 91
2.302842855453491 -19 98
2.310232162475586 -18 113
2.316077470779419 -17 124
2.322909116744995 -16 132
2.3299882411956787 -15 141
2.3360066413879395 -14 153
2.34395694732666 -13 165
2.3507237434387207 -12 173
2.356931686401367 -10 178
2.3638756275177 -9 192
2.3768558502197266 -6 195
2.3838000297546387 -5 197
2.391618490219116 -4 201
2.398658037185669 -2 202
2.4045324325561523 -1 206
2.4115395545959473 0 209
2.4183871746063232 2 209
2.4242806434631348 3 210
2.4314820766448975 5 214
2.439448595046997 6 208
2.4454762935638428 7 207
2.4521777629852295 9 206
2.4593186378479004 10 202
2.465308666229248 11 200
2.4720280170440674 13 201
2.4789235591888428 14 188
2.4849259853363037 15 182
2.492793321609497 16 175
2.499906539916992 18 173
2.505925178527832 19 168
2.512741804122925 20 161
2.5198545455932617 21 151
2.5258378982543945 21 139
2.5326530933380127 22 135
2.5396909713745117 23 122
2.547189950942993 24 115
2.553900957107544 24 96
2.5606601238250732 25 88
2.567209243774414 25 88
2.573955535888672 25 71
2.5807340145111084 26 60
2.586991310119629 26 60
2.594858169555664 26 60
2.601850986480713 26 60
2.6089391708374023 26 60
2.614928722381592 26 60
2.621882915496826 26 60
2.628798007965088 25 13
2.634859561920166 25 13
2.6427249908447266 25 0
2.649808406829834 24 -12
2.655811309814453 24 -26
2.6625044345855713 23 -58
2.669886827468872 23 -70
2.675915002822876 22 -89
2.6827051639556885 21 -98
2.689831018447876 20 -95
2.697739362716675 19 -110
2.70407772064209 19 -116
2.710822582244873 18 -133
2.717219591140747 16 -142
2.723968744277954 15 -151
2.7309389114379883 15 -158
2.737370729446411 13 -165
2.7448670864105225 12 -180
2.751844882965088 10 -186
2.7587804794311523 9 -191
2.764836311340332 8 -194
2.7786688804626465 5 -199
2.784700393676758 4 -200
2.791886568069458 2 -205
2.7999496459960938 1 -206
2.8059535026550293 -1 -210
2.8127753734588623 -2 -211
2.819878101348877 -4 -212
2.825873613357544 -5 -213
2.8328263759613037 -6 -213
2.83994722366333 -8 -209
2.8478171825408936 -9 -205
2.85414457321167 -11 -201
2.8612184524536133 -12 -197
2.8673925399780273 -13 -195
2.874143600463867 -14 -191
2.8812644481658936 -15 -184
2.8877949714660645 -17 -174
2.894134998321533 -18 -167
2.902006149291992 -19 -163
2.9093070030212402 -20 -154
2.915299892425537 -20 -146
2.9220383167266846 -21 -141
2.928929090499878 -22 -129
2.934966802597046 -23 -122
2.941897392272949 -23 -117
2.949819564819336 -24 -91
2.9558188915252686 -24 -79
2.9627504348754883 -25 -79
2.9700047969818115 -25 -66
2.976024627685547 -25 -66
2.9828221797943115 -25 -66
2.9899086952209473 -26 -43
2.9959299564361572 -26 -43
3.0038890838623047 -25 -19
3.0106780529022217 -25 -19
3.0168943405151367 -25 -19
3.023892641067505 -25 0
3.030780553817749 -25 15
3.0369627475738525 -24 15
3.0439274311065674 -24 39
3.0522665977478027 -23 61
3.059474468231201 -23 73
3.0654661655426025 -22 82
3.072192668914795 -21 90
3.079421281814575 -21 86
3.0854177474975586 -19 101
3.0922951698303223 -19 116
3.1003599166870117 -17 127
3.106520175933838 -17 137
3.113278865814209 -16 145
3.1201817989349365 -14 152
3.1260507106781006 -13 168
3.1328389644622803 -12 173
3.1399457454681396 -11 177
3.145989418029785 -10 183
3.1541409492492676 -8 190
3.1608920097351074 -7 197
3.167295455932617 -4 199
3.1807382106781006 -3 201
3.187350273132324 -1 208
3.194012403488159 0 206
3.201988458633423 2 211
3.2092835903167725 3 210
3.215258836746216 4 212
3.2220990657806396 6 213
3.2289609909057617 7 207
3.2349417209625244 9 206
3.2418758869171143 10 199
3.248785972595215 11 202
3.255897045135498 13 194
3.2627410888671875 14 194
3.270024538040161 15 187
3.276057004928589 16 181
3.2828519344329834 17 171
3.2899839878082275 19 164
3.2960495948791504 19 155
3.3040897846221924 21 148
3.310861825942993 21 140
3.317281484603882 22 135
3.3240129947662354 23 122
3.3309450149536133 23 117
3.3373615741729736 24 98
3.3440332412719727 25 90
3.3512351512908936 25 79
3.3589296340942383 25 79
3.364928960800171 26 65
3.371890068054199 26 65
3.378791093826294 26 65
3.3848583698272705 26 65
3.3919970989227295 26 65
3.3989028930664062 26 65
3.405980348587036 26 65
3.4128355979919434 26 7
3.419919490814209 25 7
3.425893783569336 25 -6
3.432695150375366 25 -20
3.4398107528686523 24 -20
3.445868492126465 24 -59
3.4528443813323975 23 -71
3.4608263969421387 22 -82
3.4672958850860596 21 -97
3.474020004272461 21 -84
3.481215000152588 20 -101
3.4873785972595215 19 -115
3.4940552711486816 18 -126
3.5012145042419434 17 -136
3.509307622909546 16 -149
3.515329122543335 15 -151
3.522017478942871 13 -163
3.528873920440674 12 -169
3.5348873138427734 11 -178
3.543505907058716 10 -186
3.550455331802368 8 -191
3.5584938526153564 7 -196
3.5644021034240723 5 -199
3.5794830322265625 3 -203
3.5854783058166504 1 -208
3.5922932624816895 -1 -210
3.599641799926758 -2 -210
3.6056575775146484 -4 -213
3.613802194595337 -5 -215
3.6205697059631348 -6 -210
3.6269168853759766 -8 -210
3.633948802947998 -9 -199
3.6407322883605957 -11 -202
3.646935224533081 -12 -202
3.65394926071167 -13 -195
3.6617255210876465 -15 -190
3.668671131134033 -16 -178
3.6746795177459717 -17 -174
3.681652784347534 -18 -167
3.6887006759643555 -19 -156
3.6947476863861084 -20 -152
3.701709032058716 -20 -143
3.7095508575439453 -21 -138
3.7155394554138184 -22 -126
3.722249746322632 -23 -120
3.729372978210449 -23 -114
3.735285758972168 -24 -94
3.742173433303833 -24 -84
3.749480962753296 -25 -71
3.755449056625366 -25 -71
3.7629196643829346 -25 -58
3.7700464725494385 -25 -58
3.7760331630706787 -25 -58
3.7828032970428467 -25 -58
3.789905548095703 -25 -58
3.7958996295928955 -25 -15
3.8027336597442627 -25 -15
3.8108839988708496 -25 0
3.817298173904419 -24 0
3.823953866958618 -24 13
3.8307268619537354 -23 29
3.8369176387786865 -23 53
3.8438820838928223 -22 66
3.850663661956787 -22 85
3.8568673133850098 -21 94
3.8646862506866455 -20 89
3.871858596801758 -19 96
3.87876033782959 -18 117
3.884794235229492 -17 122
3.8918330669403076 -16 134
3.898711919784546 -15 147
3.904744863510132 -14 154
3.912437677383423 -13 161
3.9196150302886963 -12 174
3.925558567047119 -10 182
3.93243145942688 -9 186
3.9395453929901123 -8 189
3.945497751235962 -7 196
3.952185869216919 -5 197
3.959306001663208 -4 200
3.9660913944244385 -2 205
3.9799392223358154 1 209
3.985931873321533 2 210
3.9929327964782715 3 215
4.000359296798706 5 215
4.00663161277771 6 214
4.0142130851745605 8 212
4.0212178230285645 9 205
4.027348518371582 11 202
4.034021615982056 12 195
4.040792226791382 13 196
4.047398328781128 15 191
4.054811716079712 16 185
4.061816215515137 17 179
4.069831609725952 18 172
4.075861692428589 19 164
4.082653760910034 20 161
4.089739084243774 21 152
4.095738172531128 22 142
4.102410793304443 23 137
4.10970139503479 24 125
4.116743087768555 24 120
4.1236186027526855 25 98
4.1305670738220215 25 93
4.140393495559692 26 79
4.150894641876221 26 61
4.157348155975342 26 61
4.164030075073242 27 50
4.171979188919067 27 50
4.178871393203735 27 50
4.1848766803741455 26 18
4.191846132278442 26 18
4.198718070983887 26 0
4.204679250717163 26 0
4.211671352386475 25 -16
4.219643831253052 25 -36
4.225633859634399 24 -46
4.23244571685791 24 -60
4.239660263061523 23 -71
4.245684862136841 22 -89
4.2523353099823 22 -95
4.260854005813599 21 -92
4.2686662673950195 20 -114
4.274742126464844 19 -120
4.281743049621582 18 -130
4.288770914077759 17 -139
4.294779300689697 16 -148
4.301767587661743 15 -155
4.308665752410889 13 -166
4.31463360786438 12 -172
4.32232928276062 11 -180
4.32947850227356 10 -188
4.335490703582764 9 -192
4.342242240905762 7 -197
4.349529027938843 6 -198
4.355482578277588 5 -200
4.362178087234497 3 -203
4.3700621128082275 1 -211
4.382724761962891 -1 -210
4.390232086181641 -3 -212
4.396090507507324 -4 -214
4.403349161148071 -6 -212
4.41044807434082 -7 -212
4.4165709018707275 -9 -209
4.42434287071228 -10 -203
4.431389808654785 -11 -204
4.438286066055298 -13 -198
4.444201946258545 -14 -189
4.451253652572632 -15 -182
4.457779407501221 -16 -174
4.464122533798218 -17 -167
4.472134113311768 -19 -165
4.479304313659668 -19 -151
4.491897821426392 -21 -139
4.498829364776611 -22 -127
4.504883527755737 -22 -120
4.511884450912476 -23 -115
4.518948793411255 -24 -92
4.525975227355957 -24 -85
4.532912969589233 -25 -75
4.540010690689087 -25 -75
4.546011209487915 -25 -62
4.552888870239258 -25 -62
4.559997797012329 -25 -62
4.566011905670166 -25 -62
4.57395076751709 -25 -62
4.580729007720947 -25 -62
4.587316036224365 -25 -62
4.593989610671997 -25 -13
4.600741624832153 -25 0
4.606924533843994 -24 0
4.6138646602630615 -24 12
4.620625972747803 -23 27
4.628574848175049 -23 70
4.63447904586792 -22 79
4.641479969024658 -21 88
4.648545742034912 -20 83
4.654450178146362 -20 99
4.661433458328247 -19 109
4.668399095535278 -18 125
4.6754677295684814 -17 137
4.682188034057617 -16 144
4.689354419708252 -15 153
4.695349216461182 -14 161
4.702024936676025 -12 168
4.709301710128784 -11 178
4.715259552001953 -10 188
4.721982479095459 -8 192
4.729944705963135 -7 196
4.7359747886657715 -6 198
4.742735385894775 -4 197
4.749811887741089 -3 200
4.755842208862305 -1 206
4.76264762878418 0 206
4.769864559173584 2 211
4.783561706542969 4 214
4.790429353713989 6 212
4.796705722808838 7 209
4.803563594818115 8 210
4.810468435287476 10 205
4.816725969314575 11 201
4.823613405227661 12 195
4.831492185592651 14 192
4.838427305221558 15 190
4.844339609146118 16 181
4.851363897323608 17 177
4.858238458633423 19 170
4.864189624786377 19 164
4.871220350265503 20 155
4.877361059188843 21 142
4.884802341461182 22 138
4.891989469528198 23 133
4.898906946182251 24 120
4.904897689819336 24 114
4.911990165710449 25 96
4.918834924697876 25 87
4.924868583679199 25 75
4.932749271392822 26 75
4.939862489700317 26 58
4.945895433425903 26 58
4.952877044677734 26 58
4.95997953414917 26 58
4.965994119644165 26 58
4.97282075881958 26 58
4.9807939529418945 26 14
4.987272262573242 26 14
4.994042634963989 25 0
