0 0 0
0.00717616081237793 0 0
0.0131378173828125 0 0
0.01990675926208496 1 3
0.028525590896606445 1 8
0.03493618965148926 2 21
0.04166889190673828 2 74
0.04844498634338379 3 98
0.05460309982299805 4 93
0.061577558517456055 5 99
0.06856894493103027 6 129
0.07659244537353516 7 140
0.08257699012756348 8 146
0.0896906852722168 9 154
0.09658932685852051 10 161
0.10260272026062012 11 164
0.10960245132446289 12 159
0.11659717559814453 13 159
0.12258672714233398 15 155
0.13058114051818848 16 150
0.1377122402191162 17 149
0.14371848106384277 17 142
0.15054941177368164 18 139
0.15769314765930176 19 130
0.16368961334228516 20 123
0.17052221298217773 20 116
0.17851543426513672 21 94
0.18548369407653809 21 84
0.19182085990905762 22 76
0.1988844871520996 22 64
0.20544052124023438 22 64
0.21179771423339844 22 64
0.21902251243591309 22 64
0.2270488739013672 22 64
0.23309803009033203 22 64
0.23987507820129395 22 64
0.24726653099060059 22 14
0.25324344635009766 22 0
0.2599453926086426 21 0
0.2671031951904297 21 -13
0.2731442451477051 20 -63
0.28109002113342285 20 -76
0.2879199981689453 19 -86
0.29392099380493164 18 -78
0.30062294006347656 17 -90
0.30799007415771484 16 -106
0.31392765045166016 16 -120
0.32100367546081543 15 -132
0.3285634517669678 14 -141
0.33501172065734863 12 -151
0.3416900634765625 11 -164
0.3489072322845459 10 -170
0.3606414794921875 8 -183
0.36963677406311035 6 -187
0.37694597244262695 4 -194
0.3836979866027832 3 -197
0.3909456729888916 2 -201
0.3977377414703369 0 -205
0.403733491897583 -1 -205
0.41061925888061523 -2 -205
0.41771411895751953 -4 -206
0.42374205589294434 -5 -203
0.43192410469055176 -7 -204
0.4390289783477783 -8 -204
0.44599032402038574 -10 -203
0.45195841789245605 -11 -197
0.45903778076171875 -12 -192
0.4660310745239258 -13 -188
0.47199249267578125 -14 -175
0.47997474670410156 -16 -171
0.4873654842376709 -17 -165
0.49341416358947754 -18 -152
0.5003142356872559 -19 -150
0.5074265003204346 -20 -139
0.5134494304656982 -21 -125
0.5245208740234375 -21 -119
0.5366227626800537 -22 -91
0.5514507293701172 -23 -66
0.5644626617431641 -23 -50
0.5785880088806152 -24 -50
0.5939233303070068 -23 -17
0.6080992221832275 -23 15
0.6223628520965576 -22 35
0.637615442276001 -21 64
0.6506202220916748 -19 96
0.6594154834747314 -18 90
0.6665594577789307 -18 108
0.6725711822509766 -17 116
0.6795518398284912 -16 127
0.6864993572235107 -15 142
0.6925480365753174 -13 154
0.7096338272094727 -10 175
0.7204933166503906 -8 187
0.7296550273895264 -7 189
0.7369768619537354 -6 192
0.7429442405700684 -4 195
0.7497103214263916 -3 196
0.7623691558837891 0 205
0.7703170776367188 1 204
0.7775719165802002 3 205
0.7836582660675049 4 204
0.7911398410797119 5 203
0.7978923320770264 7 203
0.8054206371307373 8 189
0.8117916584014893 10 186
0.8186213970184326 11 180
0.82505202293396 12 176
0.8318619728088379 13 170
0.8389041423797607 14 164
0.8460509777069092 15 155
0.851996898651123 16 147
0.8598451614379883 17 135
0.8671925067901611 17 122
0.873211145401001 18 116
0.8799233436584473 19 109
0.8871026039123535 19 87
0.8931455612182617 19 87
0.8999133110046387 20 70
0.908118486404419 20 70
0.9142770767211914 20 47
0.9212005138397217 20 47
0.9280192852020264 20 47
0.9342167377471924 20 47
0.9410912990570068 20 17
0.9479122161865234 20 17
0.9538164138793945 20 0
0.961693525314331 19 -15
0.9689414501190186 19 -37
0.9755096435546875 18 -50
0.9818644523620605 17 -72
0.9889273643493652 17 -82
0.9960606098175049 16 -67
1.0020217895507812 15 -86
1.009941816329956 14 -112
1.0171267986297607 13 -118
1.0231292247772217 12 -136
1.0311522483825684 11 -148
1.037964105606079 10 -153
1.0439229011535645 9 -168
1.050593614578247 8 -169
1.0576927661895752 6 -182
1.0650205612182617 5 -183
1.0716884136199951 4 -189
1.0784516334533691 2 -191
1.0850551128387451 1 -195
1.091719150543213 0 -199
1.0984976291656494 -2 -201
1.1049597263336182 -3 -203
1.1125404834747314 -4 -204
1.1195850372314453 -6 -208
1.126938819885254 -7 -204
1.1330013275146484 -9 -203
1.139740228652954 -10 -197
1.1471574306488037 -11 -198
1.1531867980957031 -12 -191
1.1675662994384766 -15 -187
1.173637866973877 -16 -170
1.1806104183197021 -17 -167
1.1879594326019287 -19 -161
1.1939573287963867 -19 -156
1.2006158828735352 -20 -152
1.2079946994781494 -21 -139
1.2155351638793945 -22 -131
1.2218427658081055 -23 -117
1.2288775444030762 -23 -111
1.2350642681121826 -24 -92
1.2417280673980713 -24 -92
1.2484700679779053 -24 -77
1.2554359436035156 -24 -77
1.2626378536224365 -25 -56
1.2697887420654297 -25 -56
1.276982069015503 -25 -56
1.2829737663269043 -25 -56
1.2897422313690186 -24 -16
1.2969746589660645 -24 -16
1.3029866218566895 -24 0
1.309727430343628 -24 14
1.3177342414855957 -23 33
1.3237626552581787 -22 55
1.331087350845337 -22 72
1.3379340171813965 -21 83
1.3439249992370605 -20 99
1.3506336212158203 -20 96
1.357738971710205 -19 104
1.3650052547454834 -18 117
1.3716728687286377 -17 130
1.3784589767456055 -16 142
1.3854601383209229 -14 153
1.3917615413665771 -13 159
1.3985536098480225 -12 172
1.4049592018127441 -11 176
1.4116599559783936 -10 184
1.4195261001586914 -8 188
1.4264702796936035 -7 192
1.432544469833374 -6 199
1.4395196437835693 -4 196
1.4466524124145508 -3 202
1.452906847000122 -2 203
1.459669589996338 0 206
1.467585802078247 2 205
1.473630666732788 3 208
1.4803996086120605 4 207
1.48753023147583 6 204
1.4935259819030762 7 195
1.5003600120544434 8 195
1.5076687335968018 10 187
1.5136923789978027 11 185
1.5217275619506836 12 183
1.5285754203796387 13 174
1.535024881362915 14 170
1.5417029857635498 15 160
1.5484611988067627 16 149
1.5549230575561523 17 131
1.5694782733917236 18 122
1.5765836238861084 19 99
1.5826025009155273 19 89
1.5897655487060547 20 82
1.59710693359375 20 72
1.6031007766723633 20 72
1.6098451614379883 21 55
1.6170659065246582 21 55
1.6239774227142334 21 55
1.6312100887298584 21 55
1.6379928588867188 20 18
1.6439409255981445 20 18
1.6512043476104736 20 0
1.6579372882843018 20 0
1.6639211177825928 19 -35
1.6717817783355713 18 -52
1.6785986423492432 18 -67
1.6859173774719238 17 -82
1.6918635368347168 16 -99
1.6988999843597412 16 -83
1.7054030895233154 15 -102
1.7118394374847412 14 -118
1.7196412086486816 13 -128
1.7266182899475098 12 -147
1.7326276302337646 11 -154
1.7395682334899902 9 -165
1.7468883991241455 8 -174
1.7528796195983887 7 -175
1.7596025466918945 6 -181
1.7664999961853027 5 -183
1.7735724449157715 3 -194
1.780526876449585 2 -198
1.7876005172729492 0 -197
1.7936217784881592 -1 -203
1.800417423248291 -2 -202
1.8077006340026855 -4 -207
1.8137362003326416 -5 -207
1.8218026161193848 -7 -206
1.8286128044128418 -8 -206
1.835059642791748 -10 -203
1.8417291641235352 -11 -201
1.8485262393951416 -12 -199
1.8549532890319824 -13 -193
1.8617451190948486 -15 -186
1.8689804077148438 -16 -178
1.8769314289093018 -17 -167
1.8829669952392578 -18 -161
1.8897185325622559 -19 -156
1.8966493606567383 -20 -144
1.9028797149658203 -20 -140
1.9098272323608398 -21 -136
1.9170219898223877 -22 -125
1.9238190650939941 -23 -116
1.9311466217041016 -23 -92
1.937896728515625 -24 -80
1.9438025951385498 -24 -68
1.9506022930145264 -24 -68
1.9578754901885986 -24 -45
1.9701323509216309 -25 -23
1.9783637523651123 -24 -23
1.9854896068572998 -24 -23
1.9918341636657715 -24 -23
2.0003509521484375 -24 0
2.0074400901794434 -23 16
2.0134637355804443 -23 42
2.020202875137329 -22 41
2.0292229652404785 -22 66
2.036257266998291 -21 87
2.0421833992004395 -20 96
2.049391031265259 -20 91
2.056267499923706 -19 108
2.0623812675476074 -18 121
2.0693764686584473 -17 127
2.0772199630737305 -16 142
2.083200693130493 -15 151
2.0898964405059814 -13 163
2.097120761871338 -12 171
2.1031243801116943 -11 178
2.109924077987671 -10 185
2.1170809268951416 -8 186
2.1230852603912354 -7 193
2.1305792331695557 -6 196
2.1376922130584717 -4 197
2.1436984539031982 -3 202
2.150505542755127 -2 205
2.157660961151123 0 206
2.163665533065796 1 205
2.170646905899048 3 205
2.178584575653076 4 205
2.1850028038024902 6 203
2.191682815551758 7 202
2.1984119415283203 8 194
2.2045929431915283 10 193
2.211561918258667 11 190
2.2183494567871094 12 182
2.225050926208496 13 173
2.232572317123413 14 162
2.2395873069763184 15 153
2.2465038299560547 16 149
2.2525508403778076 17 143
2.2595365047454834 18 131
2.27217698097229 19 120
2.280033826828003 19 88
2.287400722503662 20 88
2.2934470176696777 20 74
2.300419807434082 20 61
2.3075451850891113 21 61
2.313587188720703 21 61
2.320415735244751 21 61
2.327535390853882 21 61
2.33492112159729 21 61
2.341689348220825 20 16
2.348881721496582 20 0
2.355012893676758 20 0
2.3665199279785156 19 -31
2.374647378921509 18 -56
2.382535219192505 18 -82
2.3897078037261963 17 -91
2.397165298461914 16 -84
2.4031882286071777 15 -103
2.4100825786590576 14 -119
2.417234182357788 13 -129
2.423231601715088 12 -141
2.4301087856292725 11 -151
2.438136100769043 10 -163
2.4443702697753906 9 -170
2.4512228965759277 8 -175
2.4580445289611816 6 -179
2.4643337726593018 5 -185
2.471224069595337 4 -193
2.477961778640747 2 -195
2.485503911972046 0 -198
2.491842269897461 -1 -201
2.4988820552825928 -2 -204
2.505397081375122 -4 -205
2.511807918548584 -5 -205
2.520005226135254 -6 -207
2.5275990962982178 -8 -204
2.53544545173645 -10 -205
2.5418190956115723 -11 -197
2.549745559692383 -12 -193
2.5571417808532715 -14 -184
2.5631768703460693 -15 -183
2.570148468017578 -16 -176
2.577515125274658 -17 -169
2.585010528564453 -18 -161
2.591724395751953 -19 -156
2.598496913909912 -20 -143
2.6049983501434326 -21 -136
2.611717939376831 -22 -125
2.618494749069214 -22 -119
2.62493896484375 -23 -99
2.631685495376587 -23 -91
2.6395177841186523 -24 -79
2.6466002464294434 -24 -64
2.652622938156128 -24 -64
2.6595568656921387 -24 -64
2.6664843559265137 -24 -64
2.6725680828094482 -24 -64
2.6795411109924316 -24 -64
2.687704563140869 -24 -64
2.6937243938446045 -24 -14
2.700610637664795 -24 -14
2.7079687118530273 -23 0
2.713810443878174 -23 13
2.720568895339966 -22 29
2.72768235206604 -22 61
2.7336952686309814 -21 84
2.7416646480560303 -20 94
2.7484371662139893 -19 89
2.7546470165252686 -18 106
2.7671804428100586 -17 131
2.774937391281128 -15 142
2.781663417816162 -14 159
2.7895565032958984 -13 165
2.7966091632843018 -12 174
2.802597761154175 -11 179
2.809540033340454 -9 179
2.816617012023926 -8 188
2.822591781616211 -7 191
2.8297464847564697 -5 197
2.8366193771362305 -4 201
2.8436684608459473 -2 202
2.8505454063415527 -1 206
2.857638120651245 1 207
2.863603115081787 2 203
2.870354652404785 3 205
2.8774542808532715 5 204
2.883484125137329 6 200
2.8916573524475098 7 194
2.8984429836273193 8 194
2.904651641845703 10 188
2.9116616249084473 11 188
2.9184489250183105 12 177
2.924884796142578 13 169
2.9316470623016357 14 168
2.938474178314209 15 154
2.946950674057007 16 143
2.9529545307159424 17 135
2.9597342014312744 18 130
2.966944456100464 18 123
2.9729504585266113 19 115
2.9797043800354004 19 90
2.98659610748291 20 78
2.9936697483062744 20 65
3.000537633895874 20 65
3.0079286098480225 20 65
3.013909339904785 21 45
3.0209615230560303 21 21
3.028510570526123 20 21
3.034960985183716 20 21
3.0425021648406982 20 0
3.0495193004608154 20 0
3.056467294692993 19 -16
3.062530994415283 19 -41
3.069662094116211 18 -44
3.07698130607605 18 -63
3.0830037593841553 17 -88
3.089730739593506 16 -78
3.097724676132202 15 -92
3.103715181350708 14 -109
3.1105690002441406 14 -122
3.1176998615264893 12 -134
3.123739719390869 11 -146
3.130995273590088 10 -153
3.1378910541534424 9 -163
3.1454405784606934 8 -174
3.151823043823242 7 -171
3.1586246490478516 5 -182
3.1701478958129883 3 -193
3.178426742553711 2 -194
3.1855010986328125 0 -196
3.1918373107910156 -1 -201
3.1998581886291504 -3 -204
3.2072548866271973 -4 -205
3.21329927444458 -6 -208
3.219972610473633 -7 -205
3.2271506786346436 -8 -204
3.2332091331481934 -10 -196
3.2400825023651123 -11 -193
3.248274326324463 -13 -193
3.254511833190918 -14 -188
3.2614617347717285 -15 -181
3.2683398723602295 -16 -173
3.274585723876953 -17 -166
3.2816121578216553 -18 -159
3.288402795791626 -19 -156
3.2963309288024902 -20 -148
3.3023722171783447 -21 -137
3.3095600605010986 -22 -130
3.3165314197540283 -22 -123
3.322540760040283 -23 -95
3.3295629024505615 -23 -86
3.3368823528289795 -24 -74
3.342876672744751 -24 -61
3.35038685798645 -24 -61
3.3575329780578613 -24 -61
3.363595485687256 -24 -61
3.370567798614502 -24 -61
3.377697706222534 -24 -61
3.3837361335754395 -24 -61
3.3905739784240723 -24 -14
3.3986008167266846 -24 -14
3.4050254821777344 -23 0
3.4117319583892822 -23 13
3.418529748916626 -22 29
3.425477981567383 -22 63
3.431830406188965 -21 85
3.43888783454895 -20 94
3.4450645446777344 -19 90
3.452609062194824 -18 106
3.459556818008423 -17 120
3.466620683670044 -16 132
3.4726428985595703 -16 142
3.4796550273895264 -14 154
3.4869883060455322 -13 163
3.4929637908935547 -12 170
3.5005810260772705 -11 175
3.5076942443847656 -9 186
3.5137152671813965 -8 189
3.5204997062683105 -7 195
3.527693748474121 -5 196
3.5336928367614746 -4 198
3.5405948162078857 -3 201
3.547957420349121 -1 204
3.5562126636505127 1 207
3.5621135234832764 2 205
3.5759575366973877 5 207
3.581857681274414 6 202
3.5890564918518066 7 198
3.5962345600128174 9 190
3.6032822132110596 10 186
3.610146999359131 11 185
3.6173059940338135 12 180
3.623385429382324 14 175
3.630099296569824 14 163
3.637333869934082 15 156
3.6433589458465576 16 148
3.651411533355713 17 137
3.658196210861206 18 125
3.664494037628174 19 116
3.6714558601379395 19 93
3.678212881088257 20 83
3.6844115257263184 20 83
3.6913862228393555 20 72
3.698194980621338 20 60
3.706149101257324 21 60
3.7120931148529053 21 60
3.7191574573516846 21 60
3.7262327671051025 21 60
3.732130527496338 20 17
3.739159345626831 20 17
3.746105432510376 20 0
3.7531301975250244 20 -15
3.7599101066589355 19 -32
3.7670934200286865 19 -54
3.773146152496338 18 -68
3.7798819541931152 17 -81
3.787240743637085 17 -99
3.793236255645752 16 -94
3.7999324798583984 15 -102
3.8080673217773438 14 -124
3.8142411708831787 13 -128
3.821152448654175 12 -140
3.8279025554656982 11 -150
3.8339154720306396 10 -161
3.8406050205230713 9 -168
3.8479397296905518 7 -173
3.855971097946167 6 -180
3.8618669509887695 4 -190
3.868882656097412 3 -193
3.878257989883423 1 -198
3.888906717300415 -1 -199
3.8954384326934814 -2 -201
3.901819944381714 -4 -205
3.90981125831604 -5 -208
3.9169819355010986 -7 -207
3.923062324523926 -8 -204
3.9298465251922607 -10 -207
3.937159299850464 -11 -196
3.943157911300659 -12 -194
3.9499154090881348 -13 -187
3.958005666732788 -15 -184
3.96433687210083 -17 -172
3.97853946685791 -18 -163
3.986004590988159 -19 -160
3.9919652938842773 -20 -151
3.9992005825042725 -21 -144
4.007082223892212 -22 -131
4.013137102127075 -22 -124
4.019877910614014 -23 -98
4.027204275131226 -23 -98
4.033920526504517 -24 -89
4.040625095367432 -24 -75
4.047689437866211 -24 -75
4.053706407546997 -24 -75
4.061722278594971 -25 -49
4.068505764007568 -25 -49
4.074964284896851 -24 -18
4.0816662311553955 -24 -18
4.088620662689209 -24 -18
4.095034837722778 -24 0
4.101783752441406 -23 15
4.109651327133179 -23 38
4.1169822216033936 -22 50
4.122982501983643 -22 69
4.129737854003906 -21 80
4.136609077453613 -20 97
4.142604827880859 -20 93
4.14973258972168 -19 102
4.156652450561523 -18 115
4.163774251937866 -17 133
4.17057728767395 -16 143
4.177690267562866 -14 153
4.183694124221802 -13 162
4.190528392791748 -12 174
4.1976282596588135 -11 178
4.203629016876221 -10 184
4.2118260860443115 -8 189
4.218613147735596 -7 194
4.2250330448150635 -5 197
4.231692790985107 -4 199
4.238463878631592 -3 203
4.245398044586182 -1 204
4.251769781112671 0 206
4.2585413455963135 2 206
4.266940116882324 3 204
4.274454832077026 5 206
4.281412124633789 6 198
4.288257360458374 7 195
4.294405937194824 8 190
4.301344394683838 10 187
4.308154582977295 11 187
4.316041946411133 12 180
4.321992635726929 13 171
4.329265117645264 14 162
4.336191654205322 15 154
4.342106819152832 16 148
4.349158525466919 17 137
4.356043338775635 18 129
4.363091707229614 18 114
4.377181768417358 19 87
4.383182764053345 20 87
4.390124559402466 20 67
4.397456407546997 20 67
4.403463125228882 20 67
4.410196542739868 20 67
4.418227195739746 20 67
4.424450159072876 20 67
4.431451320648193 20 67
4.438230514526367 20 13
4.444610595703125 20 13
4.451594829559326 19 0
4.458379030227661 19 -12
4.466383457183838 18 -27
4.472424507141113 18 -64
4.479470252990723 17 -89
4.486464262008667 16 -80
4.492541551589966 16 -92
4.499545574188232 14 -109
4.5066399574279785 14 -122
4.520474910736084 11 -144
4.527703285217285 10 -151
4.533716201782227 9 -164
4.540487766265869 8 -168
4.547572374343872 7 -175
4.553589344024658 6 -180
4.560365200042725 4 -187
4.56839394569397 3 -195
4.574596881866455 1 -197
4.581576585769653 0 -197
4.588399648666382 -1 -201
4.594622850418091 -3 -202
4.601595640182495 -4 -204
4.608407735824585 -6 -206
4.6146416664123535 -7 -205
4.62318754196167 -9 -204
4.630110740661621 -10 -201
4.637580156326294 -12 -200
4.643609523773193 -13 -197
4.650590181350708 -14 -192
4.6576902866363525 -15 -182
4.66373085975647 -16 -176
4.671706438064575 -17 -169
4.678479433059692 -18 -160
4.6854658126831055 -20 -155
4.6918017864227295 -20 -151
4.698955535888672 -21 -140
4.705483436584473 -22 -133
4.711824893951416 -22 -116
4.7197105884552 -23 -92
4.726640939712524 -23 -83
4.732867240905762 -24 -83
4.73959493637085 -24 -73
4.746893405914307 -24 -73
4.752916097640991 -25 -52
4.759694814682007 -25 -52
4.77204966545105 -24 -19
4.780370235443115 -24 -19
4.787708044052124 -24 -19
4.793705940246582 -24 0
4.800938606262207 -23 15
4.8080949783325195 -23 36
4.814279317855835 -22 48
4.821974992752075 -22 68
4.829043865203857 -21 88
4.835961580276489 -20 97
4.84187912940979 -20 93
4.848958730697632 -19 111
4.855507135391235 -18 118
4.8618385791778564 -17 134
4.869057893753052 -15 145
4.877063989639282 -14 152
4.883066892623901 -13 166
4.889822721481323 -12 169
4.897170066833496 -11 180
4.903176784515381 -10 185
4.909898281097412 -8 190
4.917076349258423 -7 197
4.923924684524536 -5 197
4.931188583374023 -4 202
4.937971353530884 -2 204
4.943962335586548 -1 204
4.950621128082275 0 204
4.957696437835693 2 206
4.963723182678223 3 204
4.970535516738892 4 203
4.978477239608765 6 199
4.9850664138793945 7 196
4.991755962371826 8 194
4.998568534851074 9 186
