0 0 0
0.0066339969635009766 0 0
0.019955158233642578 0 2
0.028139352798461914 0 2
0.0350039005279541 1 17
0.04171490669250488 2 48
0.048395395278930664 2 87
0.05528092384338379 3 69
0.06321406364440918 4 118
0.06923723220825195 5 132
0.07621359825134277 7 145
0.0830526351928711 8 157
0.08892655372619629 9 168
0.09588909149169922 10 173
0.10291075706481934 11 180
0.10989999771118164 12 188
0.11658692359924316 14 191
0.12396240234375 15 197
0.12991952896118164 16 200
0.13663840293884277 18 200
0.14379549026489258 19 203
0.14977025985717773 21 204
0.15651154518127441 22 209
0.164625883102417 24 207
0.17049503326416016 25 211
0.17726469039916992 26 213
0.18439388275146484 28 212
0.19039368629455566 30 213
0.19720149040222168 31 214
0.2042865753173828 32 214
0.21300864219665527 34 214
0.2188882827758789 36 213
0.22607064247131348 37 215
0.23296093940734863 38 214
0.23884844779968262 40 216
0.24587607383728027 41 217
0.252941370010376 43 214
0.2588493824005127 44 209
0.2665555477142334 46 210
0.2736988067626953 47 208
0.2796902656555176 48 206
0.28653717041015625 50 205
0.2937049865722656 51 209
0.2996828556060791 52 204
0.3063850402832031 54 204
0.3141801357269287 55 199
0.3201863765716553 57 196
0.32688069343566895 58 189
0.3340725898742676 59 191
0.34005069732666016 60 191
0.3468611240386963 62 191
0.35401225090026855 63 189
0.3599851131439209 64 187
0.3679368495941162 65 186
0.37470269203186035 67 185
0.3806600570678711 68 184
0.3877425193786621 69 182
0.3945889472961426 70 182
0.40045762062072754 71 176
0.40773534774780273 72 176
0.4199082851409912 75 172
0.4288957118988037 76 172
0.43613338470458984 78 171
0.44319677352905273 78 163
0.44922661781311035 79 162
0.45630836486816406 81 160
0.46334099769592285 82 154
0.4703989028930664 83 155
0.47721314430236816 84 153
0.48430418968200684 85 148
0.4903230667114258 86 145
0.49712562561035156 87 143
0.504246711730957 88 143
0.5102899074554443 88 137
0.5184736251831055 90 136
0.5256819725036621 90 135
0.5321524143218994 91 132
0.5384833812713623 92 127
0.5452578067779541 93 125
0.5516951084136963 94 121
0.5584146976470947 94 118
0.5652065277099609 95 116
0.5731987953186035 96 112
0.5792238712310791 96 110
0.5863854885101318 97 110
0.5933291912078857 98 104
0.5993070602416992 98 99
0.6062681674957275 99 96
0.6131718158721924 100 94
0.6203022003173828 100 91
0.6271100044250488 101 86
0.6342074871063232 102 79
0.6402294635772705 102 79
0.6472342014312744 102 79
0.6543376445770264 103 79
0.6603317260742188 103 73
0.6671185493469238 104 69
0.675055742263794 104 65
0.6812729835510254 105 59
0.6881885528564453 105 59
0.6949465274810791 105 56
0.7012343406677246 106 52
0.7082335948944092 106 52
0.7149827480316162 106 46
0.7229230403900146 106 46
0.7287962436676025 106 46
0.7358229160308838 107 40
0.7427821159362793 107 40
0.7486884593963623 107 40
0.7557485103607178 107 33
0.7627959251403809 107 33
0.7687368392944336 107 33
0.7766759395599365 107 33
0.783801794052124 107 33
0.7897634506225586 107 33
0.7964529991149902 107 33
0.8032999038696289 107 15
0.8092975616455078 107 15
0.8162655830383301 107 15
0.8303582668304443 107 15
0.8373427391052246 107 15
0.844700813293457 107 15
0.8505513668060303 107 7
0.8577461242675781 107 7
0.8646078109741211 107 7
0.8717825412750244 107 7
0.8784751892089844 107 7
0.8856701850891113 107 7
0.8921706676483154 107 7
0.898489236831665 107 7
0.90561842918396 107 -3
0.912229061126709 107 -3
0.9185507297515869 107 -3
0.9263648986816406 107 -3
0.9332795143127441 107 -3
0.939305305480957 106 -7
0.946474552154541 106 -7
0.9533679485321045 106 -7
0.9593355655670166 106 -13
0.9663023948669434 106 -13
0.9741954803466797 106 -13
0.9802663326263428 105 -26
0.9871058464050293 105 -24
0.994206428527832 105 -24
1.0002732276916504 104 -34
1.0072846412658691 104 -43
1.014357089996338 104 -43
1.0203888416290283 103 -49
1.0282950401306152 103 -53
1.0365750789642334 102 -57
1.045041561126709 102 -60
1.052990436553955 101 -68
1.0589017868041992 101 -73
1.0661284923553467 100 -75
1.0729990005493164 99 -78
1.0800597667694092 99 -80
1.086756944656372 98 -87
1.0939428806304932 98 -90
1.0999040603637695 97 -92
1.106607437133789 96 -95
1.1137559413909912 96 -99
1.1197509765625 95 -96
1.1279473304748535 94 -100
1.134725570678711 93 -103
1.1406807899475098 93 -106
1.1473417282104492 92 -108
1.1544380187988281 91 -112
1.1604526042938232 90 -119
1.1676878929138184 89 -120
1.1744632720947266 88 -123
1.1822762489318848 87 -126
1.1885817050933838 87 -127
1.195347547531128 86 -128
1.2017524242401123 85 -134
1.20926833152771 84 -136
1.2162866592407227 82 -141
1.2299814224243164 81 -147
1.2368168830871582 80 -149
1.244274377822876 78 -151
1.2502713203430176 77 -154
1.2572309970855713 77 -154
1.2643382549285889 75 -158
1.2703490257263184 74 -162
1.2782313823699951 73 -164
1.285032033920288 72 -166
1.2916300296783447 70 -168
1.298356533050537 69 -171
1.3053288459777832 68 -175
1.3117120265960693 67 -176
1.3184189796447754 66 -179
1.3251793384552002 65 -180
1.333683967590332 63 -183
1.3396635055541992 62 -183
1.346388578414917 61 -186
1.3533101081848145 60 -188
1.3592989444732666 58 -194
1.3664216995239258 57 -192
1.373307228088379 56 -194
1.380448818206787 54 -192
1.3872473239898682 53 -197
1.3944048881530762 51 -197
1.4003937244415283 50 -199
1.407205581665039 49 -200
1.4142889976501465 47 -203
1.4202754497528076 46 -208
1.4272751808166504 45 -210
1.4351906776428223 43 -211
1.4413797855377197 41 -213
1.4483261108398438 40 -213
1.4551138877868652 39 -210
1.4613218307495117 37 -215
1.4682981967926025 36 -214
1.4750652313232422 34 -218
1.483203649520874 33 -218
1.489250898361206 31 -218
1.4962341785430908 29 -220
1.50313401222229 28 -218
1.5091619491577148 27 -224
1.5161588191986084 25 -223
1.5230638980865479 24 -221
1.5290536880493164 22 -224
1.5366806983947754 20 -222
1.5440397262573242 19 -223
1.5500330924987793 17 -223
1.556852102279663 16 -222
1.5639731884002686 15 -225
1.5699355602264404 13 -227
1.5766658782958984 11 -226
1.5846219062805176 10 -225
1.5904605388641357 8 -226
1.59722900390625 7 -225
1.6045899391174316 5 -225
1.6104168891906738 4 -227
1.6171746253967285 2 -229
1.6299021244049072 -1 -230
1.6379868984222412 -2 -232
1.6449527740478516 -4 -227
1.6512582302093506 -6 -228
1.6581499576568604 -7 -228
1.665114164352417 -9 -230
1.671309232711792 -10 -229
1.678276538848877 -12 -228
1.6862335205078125 -14 -225
1.6931936740875244 -15 -225
1.6992273330688477 -16 -228
1.7062492370605469 -18 -226
1.7131800651550293 -20 -226
1.7192018032073975 -21 -226
1.726381540298462 -23 -224
1.7333152294158936 -24 -227
1.7403700351715088 -26 -225
1.7471380233764648 -27 -223
1.7542738914489746 -29 -224
1.7602636814117432 -30 -222
1.7670936584472656 -32 -227
1.7742042541503906 -33 -222
1.7802379131317139 -35 -223
1.7884299755096436 -36 -217
1.7951698303222656 -38 -218
1.8013789653778076 -40 -219
1.808342456817627 -41 -215
1.815319538116455 -42 -217
1.8217411041259766 -44 -214
1.8284268379211426 -45 -214
1.835190773010254 -47 -215
1.843346357345581 -48 -212
1.8493223190307617 -49 -211
1.8562779426574707 -51 -208
1.863194227218628 -52 -207
1.8691949844360352 -54 -207
1.8762545585632324 -55 -204
1.883185625076294 -56 -202
1.8902404308319092 -58 -198
1.8970611095428467 -59 -196
1.9043195247650146 -61 -194
1.910310983657837 -62 -191
1.9171016216278076 -63 -191
1.924198865890503 -64 -188
1.9302382469177246 -66 -189
1.9370989799499512 -67 -186
1.9452006816864014 -68 -184
1.951671838760376 -69 -181
1.9583985805511475 -70 -178
1.9653429985046387 -72 -179
1.9717462062835693 -73 -175
1.9784471988677979 -74 -174
1.9852116107940674 -75 -172
1.9932572841644287 -76 -168
2.0010266304016113 -78 -168
2.007909059524536 -79 -165
2.014667510986328 -80 -164
2.026352643966675 -82 -156
2.034458875656128 -83 -156
2.0422732830047607 -84 -154
2.048590660095215 -85 -154
2.055790424346924 -86 -151
2.0626776218414307 -87 -145
2.0685839653015137 -88 -139
2.0757834911346436 -89 -136
2.082925796508789 -90 -135
2.088810443878174 -91 -132
2.0966031551361084 -92 -131
2.1038949489593506 -92 -130
2.109894275665283 -93 -126
2.1166112422943115 -94 -119
2.123863697052002 -95 -118
2.1298511028289795 -95 -116
2.1365392208099365 -96 -115
2.144747734069824 -97 -112
2.1506857872009277 -98 -109
2.1643855571746826 -99 -104
2.1704280376434326 -100 -98
2.1772115230560303 -100 -95
2.184295654296875 -101 -92
2.190284490585327 -102 -88
2.1982977390289307 -102 -87
2.20615816116333 -103 -81
2.2130844593048096 -103 -79
2.2190730571746826 -103 -75
2.2260823249816895 -104 -71
2.2329893112182617 -104 -70
2.2389490604400635 -105 -70
2.2467446327209473 -105 -65
2.2538955211639404 -106 -62
2.2599122524261475 -106 -58
2.266758918762207 -106 -58
2.273922920227051 -107 -52
2.2799251079559326 -107 -52
2.286630868911743 -107 -48
2.294642686843872 -107 -48
2.3005385398864746 -108 -40
2.3072755336761475 -108 -40
2.3143184185028076 -108 -40
2.3203060626983643 -108 -33
2.3272616863250732 -108 -33
2.3345916271209717 -108 -33
2.3405117988586426 -108 -33
2.348461389541626 -108 -33
2.3551738262176514 -108 -33
2.3613176345825195 -108 -33
2.3682124614715576 -108 -33
2.374912977218628 -108 -15
2.3812344074249268 -108 -15
2.3881115913391113 -108 -15
2.3948168754577637 -108 -15
2.4027740955352783 -108 -15
2.408745527267456 -108 -15
2.4157540798187256 -108 -15
2.4265410900115967 -108 -7
2.435626268386841 -108 -7
2.442750930786133 -108 -7
2.4497973918914795 -108 -7
2.4566397666931152 -108 -7
2.46397066116333 -108 -7
2.4699079990386963 -108 0
2.476562023162842 -108 0
2.483682870864868 -108 0
2.4896292686462402 -108 0
2.4963467121124268 -108 0
2.5044591426849365 -108 0
2.5103952884674072 -107 5
2.517184257507324 -107 5
2.524250030517578 -107 5
2.530226707458496 -107 9
2.536943197250366 -107 9
2.544102668762207 -106 16
2.551143169403076 -106 16
2.558048963546753 -106 22
2.5649023056030273 -106 22
2.571146249771118 -105 32
2.5780293941497803 -105 41
2.584749221801758 -105 41
2.59104323387146 -104 48
2.597891092300415 -104 53
2.605705976486206 -103 57
2.6122243404388428 -103 61
2.61854887008667 -102 64
2.625725269317627 -102 67
2.6322433948516846 -101 71
2.6385304927825928 -101 74
2.645325183868408 -100 79
2.6532888412475586 -100 84
2.659278154373169 -99 86
2.6662745475769043 -98 87
2.6731836795806885 -98 92
2.679236888885498 -97 93
2.686385154724121 -96 93
2.696889877319336 -95 104
2.7110161781311035 -93 108
2.7262065410614014 -92 114
2.7386903762817383 -90 124
2.7540054321289062 -88 125
2.76707124710083 -86 129
2.7822177410125732 -84 137
2.7948811054229736 -82 142
2.810076951980591 -80 143
2.8284401893615723 -77 154
2.8372044563293457 -76 155
2.8444323539733887 -75 158
2.8504559993743896 -74 163
2.8579561710357666 -73 166
2.870285987854004 -70 171
2.8860859870910645 -68 177
2.894479513168335 -66 175
2.9010322093963623 -65 180
2.9079134464263916 -64 177
2.9146530628204346 -63 179
2.9205095767974854 -62 182
2.9277169704437256 -60 186
2.9353132247924805 -59 187
2.9417145252227783 -57 188
2.9483931064605713 -56 189
2.955165386199951 -55 194
2.961341619491577 -53 197
2.9683103561401367 -52 198
2.9750585556030273 -51 200
2.9816677570343018 -49 203
2.989269495010376 -48 205
2.9962363243103027 -46 204
3.003110885620117 -45 208
3.009129285812378 -44 208
3.016115665435791 -42 208
3.0229666233062744 -41 210
3.02886962890625 -40 214
3.036543130874634 -38 212
3.043828010559082 -37 214
3.049801826477051 -35 216
3.05655574798584 -34 214
3.06367826461792 -32 219
3.0696630477905273 -31 219
3.0763847827911377 -29 220
3.083254814147949 -27 220
3.0903210639953613 -26 223
3.0970959663391113 -25 222
3.1043643951416016 -23 220
3.110337495803833 -22 223
3.1172947883605957 -20 223
3.1244242191314697 -18 225
3.130411386489868 -17 223
3.1384143829345703 -15 224
3.1451680660247803 -14 226
3.1513679027557373 -12 221
3.158308744430542 -11 226
3.165184497833252 -10 225
3.171359062194824 -8 223
3.178347110748291 -6 227
3.18510365486145 -4 229
3.1930816173553467 -3 228
3.1990857124328613 -2 231
3.2066941261291504 0 232
3.21386456489563 2 230
3.219834089279175 3 229
3.233328104019165 6 229
3.240363359451294 8 228
3.2476866245269775 9 230
3.254689931869507 11 228
3.260521173477173 12 225
3.2673189640045166 14 229
3.2744028568267822 16 226
3.2804086208343506 17 226
3.2884583473205566 19 225
3.29524302482605 20 225
3.3013839721679688 22 224
3.308328151702881 23 228
3.315077304840088 25 229
3.3212718963623047 26 226
3.328256845474243 28 224
3.3350133895874023 29 222
3.3431897163391113 31 220
3.3491880893707275 32 222
3.356194019317627 34 221
3.3630897998809814 35 219
3.3690872192382812 37 220
3.376248598098755 38 222
3.383150577545166 40 220
3.3902547359466553 42 219
3.397071123123169 43 215
3.404277801513672 44 210
3.41029691696167 46 213
3.4171016216278076 47 210
3.4242191314697266 49 210
3.4302096366882324 50 209
3.4369089603424072 51 203
3.444979667663574 53 206
3.4511663913726807 54 204
3.458082914352417 55 202
3.464989423751831 57 196
3.471179246902466 58 193
3.478102207183838 59 196
3.484832286834717 61 193
3.492694854736328 62 194
3.4986183643341064 63 185
3.505844831466675 64 186
3.5127148628234863 66 185
3.518604040145874 67 183
3.5257885456085205 68 183
3.5326478481292725 69 179
3.538588523864746 70 179
3.5463225841522217 72 176
3.553239107131958 73 178
3.559248685836792 74 172
3.566234827041626 75 172
3.573169469833374 76 166
3.5791947841644287 77 164
3.5863516330718994 78 164
3.5942070484161377 80 159
3.6002447605133057 81 160
3.6069424152374268 82 158
3.614105463027954 83 153
3.620074987411499 84 151
3.633957862854004 85 145
3.639920234680176 86 143
3.6482245922088623 88 139
3.6552069187164307 88 136
3.6617629528045654 90 136
3.6684460639953613 90 134
3.675198554992676 91 131
3.6813783645629883 92 132
3.688344955444336 93 127
3.6961774826049805 94 118
3.703289747238159 94 117
3.709287166595459 95 118
3.7162787914276123 96 111
3.7231812477111816 96 108
3.7292423248291016 97 99
3.736377000808716 98 106
3.743286371231079 98 98
3.7502601146698 99 93
3.7570838928222656 100 91
3.7643651962280273 100 87
3.770322561264038 101 85
3.7770886421203613 101 81
3.7841668128967285 102 78
3.7901339530944824 102 75
3.79805064201355 103 72
3.804800510406494 103 68
3.8142330646514893 104 66
3.824826717376709 104 62
3.8310327529907227 105 59
3.83789324760437 105 59
3.844625234603882 105 55
3.8521792888641357 106 49
3.8584630489349365 106 49
3.8652255535125732 106 49
3.8716437816619873 106 42
3.878345251083374 106 42
3.8852124214172363 106 42
3.8917927742004395 107 34
3.8993265628814697 107 34
3.9062552452087402 107 34
3.9131057262420654 107 34
3.919110059738159 107 34
3.9260637760162354 107 34
3.932877540588379 107 34
3.938732385635376 107 15
3.9459238052368164 107 15
3.9538259506225586 107 15
3.959791898727417 107 15
3.966453790664673 107 15
3.9733283519744873 107 15
3.9793002605438232 107 15
3.986293077468872 107 15
3.9931764602661133 107 7
4.000236749649048 107 7
4.007136583328247 107 7
4.0142340660095215 107 7
4.020235061645508 107 7
4.0338873863220215 107 7
4.039915084838867 107 2
4.046699523925781 107 2
4.054985523223877 106 -3
4.061616659164429 106 -3
4.068371057510376 106 -3
4.075132846832275 106 -3
4.081331253051758 106 -3
4.088294267654419 106 -3
4.095054626464844 106 -3
4.102995872497559 106 -6
4.108893871307373 106 -6
4.115890741348267 106 -6
4.122965097427368 105 -11
4.128878355026245 105 -22
4.135948181152344 105 -22
4.142838716506958 104 -22
4.148748397827148 104 -41
4.156676292419434 104 -41
4.165149927139282 103 -53
4.171316623687744 103 -53
4.178307294845581 102 -56
4.185205459594727 102 -60
4.191667318344116 101 -64
4.19839882850647 101 -68
4.206789970397949 100 -75
4.213937282562256 100 -75
4.2199506759643555 99 -80
4.226621866226196 98 -83
4.233736753463745 98 -87
4.239733457565308 97 -92
4.2466044425964355 97 -95
4.254637241363525 96 -97
4.260532379150391 95 -96
4.267280340194702 94 -99
4.274374961853027 94 -100
4.280410051345825 93 -106
4.287346124649048 92 -109
4.294411897659302 91 -111
4.300408840179443 91 -115
4.308596849441528 90 -119
4.315346002578735 89 -119
4.321768045425415 88 -124
4.328412055969238 87 -127
4.3351640701293945 86 -131
4.3413779735565186 85 -134
4.348365783691406 84 -136
4.356157302856445 83 -140
4.363272428512573 82 -143
4.369299650192261 81 -147
4.37626314163208 80 -147
4.3831915855407715 79 -151
4.389199495315552 78 -153
4.396211385726929 77 -155
4.403176546096802 76 -159
4.410262107849121 75 -162
4.41722559928894 74 -165
4.424455881118774 72 -166
4.4373862743377686 70 -168
4.450246572494507 68 -174
4.45856499671936 66 -179
4.465753793716431 65 -179
4.472269058227539 64 -180
4.478541851043701 63 -183
4.485788822174072 61 -183
4.492645263671875 60 -184
4.4985878467559814 59 -186
4.505351305007935 58 -188
4.513298749923706 56 -190
4.519295692443848 55 -193
4.5262510776519775 53 -193
4.533175945281982 52 -199
4.539261817932129 51 -197
4.546402215957642 49 -198
4.553284168243408 48 -201
4.560271978378296 47 -202
4.567113637924194 45 -207
4.574209690093994 44 -207
4.5802223682403564 42 -211
4.58692193031311 41 -211
4.594103813171387 39 -211
4.600089073181152 38 -214
4.606907367706299 36 -213
4.614992380142212 35 -217
4.6211793422698975 34 -217
4.628139972686768 32 -218
4.634903192520142 31 -219
4.641060829162598 29 -219
4.647892236709595 28 -221
4.654649496078491 26 -223
4.6626880168914795 24 -223
4.66860818862915 23 -223
4.675770044326782 22 -226
4.682634353637695 20 -223
4.688540935516357 19 -221
4.695358514785767 17 -223
4.702185869216919 15 -223
4.708473205566406 14 -223
4.71626615524292 12 -227
4.723342180252075 11 -224
4.729369163513184 10 -224
4.736304759979248 8 -226
4.7432029247283936 6 -224
4.749205827713013 5 -228
4.756191730499268 3 -227
4.763952970504761 2 -227
4.769901752471924 0 -231
4.776592254638672 -2 -230
4.783901214599609 -3 -230
4.789897680282593 -4 -232
4.796652555465698 -6 -229
4.803969383239746 -7 -228
4.809924840927124 -9 -229
4.8173744678497314 -11 -225
4.82447624206543 -12 -224
4.836871147155762 -15 -227
4.844280481338501 -17 -227
4.850313663482666 -18 -227
4.857293605804443 -20 -226
4.865668773651123 -22 -224
4.87214469909668 -23 -227
4.878478050231934 -25 -228
4.8852880001068115 -26 -225
4.891678094863892 -28 -223
4.898362874984741 -29 -221
4.905343770980835 -30 -219
4.911742687225342 -32 -222
4.9193034172058105 -34 -221
4.926268100738525 -35 -221
4.933370590209961 -37 -221
4.93936014175415 -38 -221
4.946291923522949 -40 -219
4.9532341957092285 -41 -217
4.959262847900391 -42 -214
4.967299938201904 -44 -212
4.97442626953125 -46 -213
4.980430603027344 -47 -212
4.987214803695679 -48 -211
4.994373798370361 -50 -209
