0.02304530143737793,1,8,6.28
0.04255795478820801,5,58,6.245093414960114
0.06047368049621582,11,319,6.175280244880341
0.07857584953308105,18,427,6.053107197240737
0.09778165817260742,29,500,5.896027564561248
0.11588716506958008,39,553,5.738947931881758
0.13298511505126953,50,591,5.564415006682325
0.15202689170837402,60,608,5.3724287889629485
0.17050671577453613,72,619,5.16298927872363
0.18865537643432617,83,626,4.95354976848431
0.20762014389038086,95,619,4.779016843284877
0.22603273391723633,106,606,4.569577333045557
0.24906516075134277,119,594,4.395044407846124
0.26741838455200195,131,577,4.133245020046974
0.2857177257537842,141,560,3.958712094847542
0.3051185607910156,150,537,3.784179169648109
0.3221313953399658,160,518,3.5921929519287326
0.340747594833374,169,499,3.435113319249243
0.3597555160522461,178,479,3.2780336865697532
0.37778306007385254,187,455,3.1209540538902636
0.39711833000183105,194,435,2.9987810062506606
0.41534876823425293,202,415,2.841701373571171
0.4324979782104492,209,394,2.719528325931568
0.45148181915283203,216,378,2.597355278291965
0.46942663192749023,223,359,2.475182230652362
0.48781514167785645,229,341,2.370462475532702
0.5071077346801758,235,324,2.2657427204130425
0.5253562927246094,240,312,2.143569672773439
0.5425624847412109,246,296,2.0563032101737226
0.5617172718048096,251,278,1.9515834550540632
0.5798254013061523,256,268,1.8817702849742899
0.5989091396331787,261,252,1.7770505298546304
0.6173393726348877,265,239,1.7072373597748571
0.6355736255645752,269,228,1.6374241896950839
0.6581020355224609,274,210,1.5676110196153106
0.6767556667327881,278,198,1.4803445570155942
0.6945514678955078,281,188,1.427984679455764
0.712956428527832,284,181,1.3581715093759907
0.7313404083251953,287,172,1.3058116318161614
0.7507171630859375,290,167,1.2534517542563313
0.7691128253936768,293,157,1.183638584176558
0.7873935699462891,296,148,1.1487319991366718
0.8066914081573486,299,141,1.0963721215768416
0.8246521949768066,301,133,1.0614655365369545
0.8420343399047852,304,127,1.0091056589771252
0.8613615036010742,306,124,0.9741990739372381
0.8794398307800293,308,117,0.939292488897352
0.8977293968200684,310,111,0.9043859038574649
0.9170205593109131,312,107,0.8694793188175787
0.9353830814361572,314,103,0.8345727337776925
0.9541311264038086,315,92,0.7996661487378054
0.9716646671295166,317,89,0.7647595636979192
0.989626407623291,318,87,0.7473062711779752
1.0096101760864258,320,83,0.712399686138089
1.0276916027069092,322,76,0.6949463936181459
1.0493402481079102,323,69,0.6600398085782588
1.0685865879058838,324,67,0.6251332235383726
1.0869498252868652,325,64,0.6076799310184295
1.1057987213134766,326,63,0.5902266384984856
1.123518943786621,328,60,0.5727733459785425
1.1414284706115723,329,58,0.5553200534585994
1.1604723930358887,330,55,0.5378667609386563
1.1786458492279053,330,51,0.5204134684187132
1.1970067024230957,331,48,0.5029601758987692
1.2159957885742188,332,48,0.4855068833788261
1.233489990234375,333,46,0.4855068833788261
1.2514514923095703,334,46,0.468053590858883
1.2706708908081055,335,42,0.4506002983389399
1.2887976169586182,335,40,0.4331470058189959
1.3072638511657715,336,39,0.4156937132990528
1.3261332511901855,336,35,0.4156937132990528
1.3439879417419434,337,35,0.3982404207791097
1.3624413013458252,338,32,0.3982404207791097
1.380446434020996,338,30,0.3807871282591666
1.4026949405670166,339,29,0.3807871282591666
1.4374947547912598,340,27,0.3633338357392235
1.479783296585083,341,27,0.3458805432192795
1.5186266899108887,342,22,0.3284272506993364
1.5569331645965576,342,21,0.31097395817939333
1.575714349746704,342,21,0.31097395817939333
1.5929231643676758,343,18,0.29352066565945023
1.6280503273010254,344,20,0.29352066565945023
1.6470553874969482,344,20,0.27606737313950624
1.666090726852417,343,5,0.27606737313950624
1.6835155487060547,343,5,0.29352066565945023
1.701357126235962,343,5,0.29352066565945023
1.7206130027770996,343,0,0.29352066565945023
1.7385644912719727,343,0,0.29352066565945023
1.756744623184204,343,0,0.29352066565945023
1.7757647037506104,343,-3,0.29352066565945023
1.793006420135498,343,-3,0.29352066565945023
1.8126037120819092,343,-3,0.29352066565945023
1.830739974975586,343,-3,0.29352066565945023
1.8528456687927246,343,-3,0.29352066565945023
1.8717899322509766,343,0,0.29352066565945023
1.8897371292114258,343,0,0.29352066565945023
1.9077787399291992,343,0,0.29352066565945023
1.9270997047424316,343,0,0.29352066565945023
1.9447834491729736,343,0,0.29352066565945023
1.9630489349365234,343,0,0.29352066565945023
1.981337547302246,343,0,0.29352066565945023
2.019792079925537,343,0,0.29352066565945023
2.0699732303619385,343,0,0.29352066565945023
2.129971981048584,343,0,0.29352066565945023
2.1815590858459473,343,0,0.29352066565945023
2.199439764022827,343,0,0.29352066565945023
2.2185587882995605,343,0,0.29352066565945023
2.236790657043457,343,0,0.29352066565945023
2.258441209793091,343,0,0.29352066565945023
2.2774393558502197,343,0,0.29352066565945023
2.2954940795898438,343,0,0.29352066565945023
2.3125946521759033,343,0,0.29352066565945023
2.3316757678985596,343,0,0.29352066565945023
2.349419593811035,343,0,0.29352066565945023
2.3676199913024902,343,0,0.29352066565945023
2.3868751525878906,343,0,0.29352066565945023
2.404585599899292,343,0,0.29352066565945023
2.422802209854126,343,0,0.29352066565945023
2.441014289855957,343,0,0.29352066565945023
2.4606857299804688,343,0,0.29352066565945023
2.4792394638061523,343,0,0.29352066565945023
2.4974491596221924,343,0,0.29352066565945023
2.5155112743377686,343,0,0.29352066565945023
2.5340158939361572,343,0,0.29352066565945023
2.551434278488159,343,0,0.29352066565945023
2.569427728652954,343,0,0.29352066565945023
2.588717222213745,343,0,0.29352066565945023
2.606959104537964,343,0,0.29352066565945023
2.625980854034424,343,0,0.29352066565945023
2.6430258750915527,343,0,0.29352066565945023
2.665792226791382,343,0,0.29352066565945023
2.685126304626465,343,0,0.29352066565945023
2.7021000385284424,343,0,0.29352066565945023
2.7203900814056396,343,0,0.29352066565945023
2.7392094135284424,343,0,0.29352066565945023
2.757356882095337,343,0,0.29352066565945023
2.776068687438965,343,0,0.29352066565945023
2.7935166358947754,343,0,0.29352066565945023
2.8113694190979004,343,0,0.29352066565945023
2.8306095600128174,343,0,0.29352066565945023
2.8485867977142334,343,0,0.29352066565945023
2.866939067840576,343,0,0.29352066565945023
2.8858327865600586,343,0,0.29352066565945023
2.9029719829559326,343,0,0.29352066565945023
2.9211182594299316,343,0,0.29352066565945023
2.9399502277374268,343,0,0.29352066565945023
2.957988977432251,343,0,0.29352066565945023
2.976466655731201,343,0,0.29352066565945023
2.99592924118042,343,0,0.29352066565945023
3.01295804977417,343,0,0.29352066565945023
3.0317842960357666,343,0,0.29352066565945023
3.04988956451416,343,0,0.29352066565945023
3.0714001655578613,343,0,0.29352066565945023
3.0906715393066406,343,0,0.29352066565945023
3.1088569164276123,343,0,0.29352066565945023
3.127058506011963,343,0,0.29352066565945023
3.1458287239074707,343,0,0.29352066565945023
3.1630301475524902,343,0,0.29352066565945023
3.1818599700927734,343,0,0.29352066565945023
3.1998493671417236,343,0,0.29352066565945023
3.2178964614868164,343,0,0.29352066565945023
3.2370669841766357,343,0,0.29352066565945023
3.2547848224639893,343,0,0.29352066565945023
3.272007703781128,343,0,0.29352066565945023
3.291317939758301,343,0,0.29352066565945023
3.3091213703155518,343,0,0.29352066565945023
3.3272817134857178,343,0,0.29352066565945023
3.3466851711273193,343,0,0.29352066565945023
3.364431858062744,343,0,0.29352066565945023
3.3816168308258057,343,0,0.29352066565945023
3.4006879329681396,343,0,0.29352066565945023
3.418617010116577,343,0,0.29352066565945023
3.4374399185180664,343,0,0.29352066565945023
3.4590330123901367,343,0,0.29352066565945023
3.4773144721984863,343,0,0.29352066565945023
3.496051073074341,343,0,0.29352066565945023
3.5134541988372803,343,0,0.29352066565945023
3.5314478874206543,343,0,0.29352066565945023
3.550360918045044,343,0,0.29352066565945023
3.568072557449341,343,0,0.29352066565945023
3.5866174697875977,343,0,0.29352066565945023
3.6055896282196045,343,0,0.29352066565945023
3.630894899368286,343,0,0.29352066565945023
3.6592342853546143,343,0,0.29352066565945023
3.677497625350952,343,0,0.29352066565945023
3.6969082355499268,343,0,0.29352066565945023
3.7146363258361816,343,0,0.29352066565945023
3.73195219039917,343,0,0.29352066565945023
3.751152276992798,343,0,0.29352066565945023
3.7691702842712402,343,0,0.29352066565945023
3.7873594760894775,343,0,0.29352066565945023
3.806058168411255,343,0,0.29352066565945023
3.8235599994659424,343,0,0.29352066565945023
3.8420937061309814,343,0,0.29352066565945023
3.864668130874634,343,0,0.29352066565945023
3.882394790649414,343,0,0.29352066565945023
3.9013938903808594,343,0,0.29352066565945023
3.9192311763763428,343,0,0.29352066565945023
3.937577486038208,343,0,0.29352066565945023
3.9567246437072754,343,0,0.29352066565945023
3.974468469619751,343,0,0.29352066565945023
3.9916787147521973,343,0,0.29352066565945023
4.011398553848267,343,0,0.29352066565945023
4.029233455657959,343,0,0.29352066565945023
4.047988653182983,343,0,0.29352066565945023
4.066517353057861,343,0,0.29352066565945023
4.083960056304932,343,0,0.29352066565945023
4.1023948192596436,343,0,0.29352066565945023
4.1204609870910645,343,0,0.29352066565945023
4.138611555099487,343,0,0.29352066565945023
4.157583951950073,343,0,0.29352066565945023
4.1757261753082275,343,0,0.29352066565945023
4.192873001098633,343,0,0.29352066565945023
4.211832761764526,343,0,0.29352066565945023
4.229804039001465,343,0,0.29352066565945023
4.248775959014893,343,0,0.29352066565945023
4.2708740234375,343,0,0.29352066565945023
4.28883957862854,343,0,0.29352066565945023
4.307854175567627,343,0,0.29352066565945023
4.325913906097412,343,0,0.29352066565945023
4.3429272174835205,343,0,0.29352066565945023
4.362054824829102,343,0,0.29352066565945023
4.380051612854004,343,0,0.29352066565945023
4.398379802703857,343,0,0.29352066565945023
4.41740083694458,343,0,0.29352066565945023
4.435472249984741,343,0,0.29352066565945023
4.4540088176727295,343,0,0.29352066565945023
4.47146463394165,343,0,0.29352066565945023
4.489267826080322,343,0,0.29352066565945023
4.509325742721558,343,0,0.29352066565945023
4.527573347091675,343,0,0.29352066565945023
4.545692682266235,343,0,0.29352066565945023
4.564600944519043,343,0,0.29352066565945023
4.581842422485352,343,0,0.29352066565945023
4.599934101104736,343,0,0.29352066565945023
4.6189963817596436,343,0,0.29352066565945023
4.637186050415039,343,0,0.29352066565945023
4.659839630126953,343,0,0.29352066565945023
4.6777873039245605,343,0,0.29352066565945023
4.695884943008423,343,0,0.29352066565945023
4.714535713195801,343,0,0.29352066565945023
4.731886625289917,343,0,0.29352066565945023
4.749844312667847,343,0,0.29352066565945023
4.768972873687744,343,0,0.29352066565945023
4.787289381027222,343,0,0.29352066565945023
4.805344820022583,343,0,0.29352066565945023
4.823483467102051,343,0,0.29352066565945023
4.841416597366333,343,0,0.29352066565945023
4.860415697097778,343,0,0.29352066565945023
4.878134489059448,343,0,0.29352066565945023
4.896719932556152,343,0,0.29352066565945023
4.915714740753174,343,0,0.29352066565945023
4.932843446731567,343,0,0.29352066565945023
4.951035261154175,343,0,0.29352066565945023
4.969822406768799,343,0,0.29352066565945023
4.987717866897583,343,0,0.29352066565945023
5.025689363479614,343,0,0.29352066565945023
5.042928695678711,343,0,0.29352066565945023
5.066525936126709,343,0,0.29352066565945023
5.084107398986816,343,0,0.29352066565945023
5.101516485214233,343,0,0.29352066565945023
5.12047815322876,343,0,0.29352066565945023
5.138538360595703,343,0,0.29352066565945023
5.156722068786621,343,0,0.29352066565945023
5.1756346225738525,343,0,0.29352066565945023
5.192767143249512,343,0,0.29352066565945023
5.210954189300537,343,0,0.29352066565945023
5.229820966720581,343,0,0.29352066565945023
5.247674465179443,343,0,0.29352066565945023
5.267042875289917,343,0,0.29352066565945023
5.284782648086548,343,0,0.29352066565945023
5.302075624465942,343,0,0.29352066565945023
5.32133674621582,343,0,0.29352066565945023
5.339105606079102,343,0,0.29352066565945023
5.357243061065674,343,0,0.29352066565945023
5.37595272064209,343,0,0.29352066565945023
5.3935160636901855,343,0,0.29352066565945023
5.41133189201355,343,0,0.29352066565945023
5.430051803588867,343,0,0.29352066565945023
5.448424816131592,343,0,0.29352066565945023
5.471038103103638,343,0,0.29352066565945023
5.488927364349365,343,0,0.29352066565945023
5.5072150230407715,343,0,0.29352066565945023
5.526463270187378,343,0,0.29352066565945023
5.543549537658691,343,0,0.29352066565945023
5.561488389968872,343,0,0.29352066565945023
5.580400228500366,343,0,0.29352066565945023
5.598107814788818,343,0,0.29352066565945023
5.6166088581085205,343,0,0.29352066565945023
5.635354280471802,343,0,0.29352066565945023
5.652370452880859,343,0,0.29352066565945023
5.671442031860352,343,0,0.29352066565945023
5.689408779144287,343,0,0.29352066565945023
5.707620620727539,343,0,0.29352066565945023
5.726828098297119,343,0,0.29352066565945023
5.744605302810669,343,0,0.29352066565945023
5.761771202087402,343,0,0.29352066565945023
5.780747175216675,343,0,0.29352066565945023
5.799000978469849,343,0,0.29352066565945023
5.8173322677612305,343,0,0.29352066565945023
5.835977077484131,343,0,0.29352066565945023
5.853036165237427,343,0,0.29352066565945023
5.876781702041626,343,0,0.29352066565945023
5.894520998001099,343,0,0.29352066565945023
5.911657333374023,343,0,0.29352066565945023
5.930711030960083,343,0,0.29352066565945023
5.9488067626953125,343,0,0.29352066565945023
5.967062950134277,343,0,0.29352066565945023
5.985837697982788,343,0,0.29352066565945023
6.004432439804077,343,0,0.29352066565945023
6.021524667739868,343,0,0.29352066565945023
6.040700197219849,343,0,0.29352066565945023
6.058609485626221,343,0,0.29352066565945023
6.077758073806763,343,0,0.29352066565945023
6.095796585083008,343,0,0.29352066565945023
6.1128575801849365,343,0,0.29352066565945023
6.131856918334961,343,0,0.29352066565945023
6.149880886077881,343,0,0.29352066565945023
6.167910575866699,343,0,0.29352066565945023
6.187113523483276,343,0,0.29352066565945023
6.205214738845825,343,0,0.29352066565945023
6.222516775131226,343,0,0.29352066565945023
6.24139666557312,343,0,0.29352066565945023
6.259192228317261,343,0,0.29352066565945023
6.281867265701294,343,0,0.29352066565945023
6.299897193908691,343,0,0.29352066565945023
6.317805290222168,343,0,0.29352066565945023
6.337101459503174,343,0,0.29352066565945023
6.355150938034058,343,0,0.29352066565945023
6.372018098831177,343,0,0.29352066565945023
6.391108274459839,343,0,0.29352066565945023
6.412784099578857,343,0,0.29352066565945023
6.43161153793335,343,0,0.29352066565945023
6.449443340301514,343,0,0.29352066565945023
6.467802047729492,343,0,0.29352066565945023
6.48685359954834,343,0,0.29352066565945023
6.504536867141724,343,0,0.29352066565945023
6.521875858306885,343,0,0.29352066565945023
6.541084051132202,343,0,0.29352066565945023
6.558993101119995,343,0,0.29352066565945023
6.577229261398315,343,0,0.29352066565945023
6.596099376678467,343,0,0.29352066565945023
6.613503932952881,343,0,0.29352066565945023
6.631314039230347,343,0,0.29352066565945023
6.650057554244995,343,0,0.29352066565945023
6.67174768447876,343,0,0.29352066565945023
6.69062066078186,343,0,0.29352066565945023
6.708731174468994,343,0,0.29352066565945023
6.727078676223755,343,0,0.29352066565945023
6.74595308303833,343,0,0.29352066565945023
6.763464689254761,343,0,0.29352066565945023
6.781262159347534,343,0,0.29352066565945023
6.799953937530518,343,0,0.29352066565945023
6.818109035491943,343,0,0.29352066565945023
6.836097717285156,343,0,0.29352066565945023
6.855417966842651,343,0,0.29352066565945023
6.87246561050415,343,0,0.29352066565945023
6.8914711475372314,343,0,0.29352066565945023
6.909231662750244,343,0,0.29352066565945023
6.9274561405181885,343,0,0.29352066565945023
6.946519136428833,343,0,0.29352066565945023
6.964063882827759,343,0,0.29352066565945023
6.9814066886901855,343,0,0.29352066565945023
7.0014564990997314,343,0,0.29352066565945023
7.020368814468384,343,0,0.29352066565945023
7.038072347640991,343,0,0.29352066565945023
7.057355165481567,343,0,0.29352066565945023
7.0790205001831055,343,0,0.29352066565945023
7.104488849639893,343,0,0.29352066565945023
7.132555723190308,343,0,0.29352066565945023
7.1515161991119385,343,0,0.29352066565945023
7.169286251068115,343,0,0.29352066565945023
7.187575817108154,343,0,0.29352066565945023
7.206789493560791,343,0,0.29352066565945023
7.224453687667847,343,0,0.29352066565945023
7.241684675216675,343,0,0.29352066565945023
7.26094651222229,343,0,0.29352066565945023
7.278916358947754,343,0,0.29352066565945023
7.297899007797241,343,0,0.29352066565945023
7.315875291824341,343,0,0.29352066565945023
7.332926511764526,343,0,0.29352066565945023
7.351889610290527,343,0,0.29352066565945023
7.36993145942688,343,0,0.29352066565945023
7.388004779815674,343,0,0.29352066565945023
7.4072265625,343,0,0.29352066565945023
7.42535662651062,343,0,0.29352066565945023
7.442440032958984,343,0,0.29352066565945023
7.461376428604126,343,0,0.29352066565945023
7.483522415161133,343,0,0.29352066565945023
7.502119779586792,343,0,0.29352066565945023
7.520382404327393,343,0,0.29352066565945023
7.538445711135864,343,0,0.29352066565945023
7.557414531707764,343,0,0.29352066565945023
7.575446844100952,343,0,0.29352066565945023
7.5925071239471436,343,0,0.29352066565945023
7.611427545547485,343,0,0.29352066565945023
7.629246234893799,343,0,0.29352066565945023
7.64757227897644,343,0,0.29352066565945023
7.6669604778289795,343,0,0.29352066565945023
7.684673070907593,343,0,0.29352066565945023
7.702800750732422,343,0,0.29352066565945023
7.721047401428223,343,0,0.29352066565945023
7.738838195800781,343,0,0.29352066565945023
7.757731676101685,343,0,0.29352066565945023
7.77599835395813,343,0,0.29352066565945023
7.793027400970459,343,0,0.29352066565945023
7.812022686004639,343,0,0.29352066565945023
7.8299713134765625,343,0,0.29352066565945023
7.848077297210693,343,0,0.29352066565945023
7.87083888053894,343,0,0.29352066565945023
7.8888185024261475,343,0,0.29352066565945023
7.907836675643921,343,0,0.29352066565945023
7.925883054733276,343,0,0.29352066565945023
7.942937612533569,343,0,0.29352066565945023
7.9618377685546875,343,0,0.29352066565945023
7.9798407554626465,343,0,0.29352066565945023
7.998504877090454,343,0,0.29352066565945023
8.017508745193481,343,0,0.29352066565945023
8.035672903060913,343,0,0.29352066565945023
8.052783250808716,343,0,0.29352066565945023
8.071712255477905,343,0,0.29352066565945023
8.089868307113647,343,0,0.29352066565945023
8.108814477920532,343,0,0.29352066565945023
8.126997470855713,343,0,0.29352066565945023
8.14516282081604,343,0,0.29352066565945023
8.163933277130127,343,0,0.29352066565945023
8.181350946426392,343,0,0.29352066565945023
8.199279069900513,343,0,0.29352066565945023
8.218420505523682,343,0,0.29352066565945023
8.236544132232666,343,0,0.29352066565945023
8.25394082069397,343,0,0.29352066565945023
8.277075290679932,343,0,0.29352066565945023
8.295242071151733,343,0,0.29352066565945023
8.313488245010376,343,0,0.29352066565945023
8.331386804580688,343,0,0.29352066565945023
8.349262952804565,343,0,0.29352066565945023
8.368082046508789,343,0,0.29352066565945023
8.386728763580322,343,0,0.29352066565945023
8.404420852661133,343,0,0.29352066565945023
8.422616958618164,343,0,0.29352066565945023
8.440866947174072,343,0,0.29352066565945023
8.458803415298462,343,0,0.29352066565945023
8.477763175964355,343,0,0.29352066565945023
8.495927810668945,343,0,0.29352066565945023
8.515117883682251,343,0,0.29352066565945023
8.532035827636719,343,0,0.29352066565945023
8.550089120864868,343,0,0.29352066565945023
8.56915831565857,343,0,0.29352066565945023
8.587279319763184,343,0,0.29352066565945023
8.605351448059082,343,0,0.29352066565945023
8.623540163040161,343,0,0.29352066565945023
8.641315460205078,343,0,0.29352066565945023
8.659098386764526,343,0,0.29352066565945023
8.682382345199585,343,0,0.29352066565945023
8.700104475021362,343,0,0.29352066565945023
8.719046831130981,343,0,0.29352066565945023
8.737325191497803,343,0,0.29352066565945023
8.755390644073486,343,0,0.29352066565945023
8.773525953292847,343,0,0.29352066565945023
8.791330814361572,343,0,0.29352066565945023
8.809290885925293,343,0,0.29352066565945023
8.82846188545227,343,0,0.29352066565945023
8.846930027008057,343,0,0.29352066565945023
8.86517858505249,343,0,0.29352066565945023
8.882973432540894,343,0,0.29352066565945023
8.901089906692505,343,0,0.29352066565945023
8.919874429702759,343,0,0.29352066565945023
8.93801212310791,343,0,0.29352066565945023
8.955987453460693,343,0,0.29352066565945023
8.975390434265137,343,0,0.29352066565945023
8.992464780807495,343,0,0.29352066565945023
9.011327981948853,343,0,0.29352066565945023
9.029950618743896,343,0,0.29352066565945023
9.048057317733765,343,0,0.29352066565945023
9.066484928131104,343,0,0.29352066565945023
9.088953971862793,343,0,0.29352066565945023
9.107226848602295,343,0,0.29352066565945023
9.12597918510437,343,0,0.29352066565945023
9.143011093139648,343,0,0.29352066565945023
9.16133189201355,343,0,0.29352066565945023
9.17994737625122,343,0,0.29352066565945023
9.19805097579956,343,0,0.29352066565945023
9.216469287872314,343,0,0.29352066565945023
9.23534107208252,343,0,0.29352066565945023
9.252382040023804,343,0,0.29352066565945023
9.270426750183105,343,0,0.29352066565945023
9.289195775985718,343,0,0.29352066565945023
9.307363748550415,343,0,0.29352066565945023
9.326494932174683,343,0,0.29352066565945023
9.344132423400879,343,0,0.29352066565945023
9.361517906188965,343,0,0.29352066565945023
9.380436897277832,343,0,0.29352066565945023
9.398493528366089,343,0,0.29352066565945023
9.416710138320923,343,0,0.29352066565945023
9.435582876205444,343,0,0.29352066565945023
9.452661275863647,343,0,0.29352066565945023
9.475564002990723,343,0,0.29352066565945023
9.494540929794312,343,0,0.29352066565945023
9.511682510375977,343,0,0.29352066565945023
9.531624794006348,343,0,0.29352066565945023
9.549280166625977,343,0,0.29352066565945023
9.567481279373169,343,0,0.29352066565945023
9.586756944656372,343,0,0.29352066565945023
9.60446810722351,343,0,0.29352066565945023
9.621550559997559,343,0,0.29352066565945023
9.640724420547485,343,0,0.29352066565945023
9.658752202987671,343,0,0.29352066565945023
9.676972389221191,343,0,0.29352066565945023
9.695832252502441,343,0,0.29352066565945023
9.712863445281982,343,0,0.29352066565945023
9.73180890083313,343,0,0.29352066565945023
9.749800205230713,343,0,0.29352066565945023
9.767762422561646,343,0,0.29352066565945023
9.786924600601196,343,0,0.29352066565945023
9.804636478424072,343,0,0.29352066565945023
9.82195258140564,343,0,0.29352066565945023
9.841120481491089,343,0,0.29352066565945023
9.859092473983765,343,0,0.29352066565945023
9.880999565124512,343,0,0.29352066565945023
9.899843692779541,343,0,0.29352066565945023
9.917669534683228,343,0,0.29352066565945023
9.936914443969727,343,0,0.29352066565945023
9.954685688018799,343,0,0.29352066565945023
9.971869230270386,343,0,0.29352066565945023
9.99107027053833,343,0,0.29352066565945023
