0.012092828750610352,0,3,6.28
0.03014349937438965,3,130,6.262546707480057
0.04878640174865723,11,335,6.192733537400284
0.07199573516845703,22,509,6.053107197240737
0.09094977378845215,34,599,5.8436676870014175
0.10890769958496094,46,669,5.6342281767620985
0.1259918212890625,59,715,5.424788666522779
0.14510607719421387,73,762,5.197895863763516
0.16306447982788086,87,787,4.9186431834444235
0.1811366081237793,102,810,4.674297088165217
0.20028185844421387,117,830,4.4124977003660675
0.2178955078125,132,837,4.150698312566918
0.23603057861328125,149,851,3.8888989247677688
0.2542715072631836,163,859,3.627099536968619
0.2723562717437744,178,861,3.3478468566495265
0.29153943061828613,195,857,3.0860474688503774
0.3099672794342041,210,833,2.789341496011341
0.327777624130249,225,798,2.5624486932520782
0.3460822105407715,240,768,2.2831960129329856
0.36450958251953125,251,713,2.0388499176537795
0.3867173194885254,270,647,1.8294104074144597
0.42859792709350586,293,546,1.462891264495651
0.4707961082458496,312,434,1.0963721215768416
0.5103445053100586,325,339,0.7647595636979192
0.5420868396759033,334,268,0.5378667609386563
0.5603699684143066,338,231,0.4331470058189959
0.5836870670318604,343,174,0.3633338357392235
0.6128566265106201,347,144,0.27606737313950624
0.6312131881713867,349,122,0.22370749557967695
0.6559336185455322,351,81,0.18880091053978987
0.6856791973114014,353,67,0.13644103297996057
0.7045419216156006,353,57,0.11898774046001659
0.7227540016174316,354,45,0.10153444794007349
0.7417874336242676,355,36,0.10153444794007349
0.7600839138031006,355,36,0.0840811554201304
0.777909517288208,355,24,0.0840811554201304
0.7967100143432617,355,24,0.0840811554201304
0.8146469593048096,355,10,0.0840811554201304
0.8324761390686035,355,10,0.0840811554201304
0.8517873287200928,355,10,0.0840811554201304
0.8738558292388916,355,3,0.0840811554201304
0.8929934501647949,355,3,0.0840811554201304
0.9111921787261963,355,0,0.0840811554201304
0.9292268753051758,355,0,0.0840811554201304
0.9484677314758301,355,0,0.0840811554201304
0.9656708240509033,355,-2,0.0840811554201304
0.9844591617584229,355,-2,0.0840811554201304
1.003265380859375,355,0,0.0840811554201304
1.0219333171844482,355,0,0.0840811554201304
1.04026198387146,355,0,0.0840811554201304
1.0590260028839111,355,0,0.0840811554201304
1.0760838985443115,355,0,0.0840811554201304
1.0951266288757324,355,0,0.0840811554201304
1.1131072044372559,355,0,0.0840811554201304
1.1310927867889404,355,0,0.0840811554201304
1.1504764556884766,355,0,0.0840811554201304
1.1685786247253418,355,0,0.0840811554201304
1.1856825351715088,355,0,0.0840811554201304
1.2047200202941895,355,0,0.0840811554201304
1.2224223613739014,355,0,0.0840811554201304
1.2406115531921387,355,0,0.0840811554201304
1.2597095966339111,355,0,0.0840811554201304
1.281177043914795,355,0,0.0840811554201304
1.3004217147827148,355,0,0.0840811554201304
1.3186116218566895,355,0,0.0840811554201304
1.335730791091919,355,0,0.0840811554201304
1.3544349670410156,355,0,0.0840811554201304
1.3722405433654785,355,0,0.0840811554201304
1.390510082244873,355,0,0.0840811554201304
1.4091475009918213,355,0,0.0840811554201304
1.4261555671691895,355,0,0.0840811554201304
1.4445338249206543,355,0,0.0840811554201304
1.463515043258667,355,0,0.0840811554201304
1.481191873550415,355,0,0.0840811554201304
1.5002849102020264,355,0,0.0840811554201304
1.5184433460235596,355,0,0.0840811554201304
1.5352959632873535,355,0,0.0840811554201304
1.5545048713684082,355,0,0.0840811554201304
1.572356939315796,355,0,0.0840811554201304
1.5904970169067383,355,0,0.0840811554201304
1.609257698059082,355,0,0.0840811554201304
1.6271047592163086,355,0,0.0840811554201304
1.6445796489715576,355,0,0.0840811554201304
1.6679434776306152,355,0,0.0840811554201304
1.6852331161499023,355,0,0.0840811554201304
1.7044925689697266,355,0,0.0840811554201304
1.722245693206787,355,0,0.0840811554201304
1.7404983043670654,355,0,0.0840811554201304
1.759653091430664,355,0,0.0840811554201304
1.7771499156951904,355,0,0.0840811554201304
1.7945854663848877,355,0,0.0840811554201304
1.8136489391326904,355,0,0.0840811554201304
1.8318040370941162,355,0,0.0840811554201304
1.8503055572509766,355,0,0.0840811554201304
1.8691139221191406,355,0,0.0840811554201304
1.8861267566680908,355,0,0.0840811554201304
1.9042141437530518,355,0,0.0840811554201304
1.9231524467468262,355,0,0.0840811554201304
1.9410994052886963,355,0,0.0840811554201304
1.9603691101074219,355,0,0.0840811554201304
1.9831643104553223,355,0,0.0840811554201304
2.0211262702941895,355,0,0.0840811554201304
2.0625553131103516,355,0,0.0840811554201304
2.1060540676116943,355,0,0.0840811554201304
2.145177125930786,355,0,0.0840811554201304
2.1853013038635254,355,0,0.0840811554201304
2.2252330780029297,355,0,0.0840811554201304
2.268551826477051,355,0,0.0840811554201304
2.291635036468506,355,0,0.0840811554201304
2.309903144836426,355,0,0.0840811554201304
2.3287460803985596,355,0,0.0840811554201304
2.345902442932129,355,0,0.0840811554201304
2.364771842956543,355,0,0.0840811554201304
2.382452964782715,355,0,0.0840811554201304
2.400660276412964,355,0,0.0840811554201304
2.4198338985443115,355,0,0.0840811554201304
2.4372613430023193,355,0,0.0840811554201304
2.4546282291412354,355,0,0.0840811554201304
2.4787678718566895,355,0,0.0840811554201304
2.4957494735717773,355,0,0.0840811554201304
2.513780355453491,355,0,0.0840811554201304
2.532456159591675,355,0,0.0840811554201304
2.5504956245422363,355,0,0.0840811554201304
2.569161891937256,355,0,0.0840811554201304
2.5866284370422363,355,0,0.0840811554201304
2.6044716835021973,355,0,0.0840811554201304
2.623124837875366,355,0,0.0840811554201304
2.6413002014160156,355,0,0.0840811554201304
2.659609794616699,355,0,0.0840811554201304
2.6784651279449463,355,0,0.0840811554201304
2.6955924034118652,355,0,0.0840811554201304
2.713528633117676,355,0,0.0840811554201304
2.732353925704956,355,0,0.0840811554201304
2.750427484512329,355,0,0.0840811554201304
2.7685530185699463,355,0,0.0840811554201304
2.7867283821105957,355,0,0.0840811554201304
2.804464340209961,355,0,0.0840811554201304
2.8235154151916504,355,0,0.0840811554201304
2.8412227630615234,355,0,0.0840811554201304
2.859532356262207,355,0,0.0840811554201304
2.8818726539611816,355,0,0.0840811554201304
2.9001448154449463,355,0,0.0840811554201304
2.9178719520568848,355,0,0.0840811554201304
2.936065196990967,355,0,0.0840811554201304
2.9542508125305176,355,0,0.0840811554201304
2.9730732440948486,355,0,0.0840811554201304
2.9921281337738037,355,0,0.0840811554201304
3.0103976726531982,355,0,0.0840811554201304
3.0291433334350586,355,0,0.0840811554201304
3.046180486679077,355,0,0.0840811554201304
3.064462423324585,355,0,0.0840811554201304
3.083106279373169,355,0,0.0840811554201304
3.1010515689849854,355,0,0.0840811554201304
3.119119644165039,355,0,0.0840811554201304
3.1382884979248047,355,0,0.0840811554201304
3.155090093612671,355,0,0.0840811554201304
3.1731016635894775,355,0,0.0840811554201304
3.1922361850738525,355,0,0.0840811554201304
3.2103829383850098,355,0,0.0840811554201304
3.229151725769043,355,0,0.0840811554201304
3.2466816902160645,355,0,0.0840811554201304
3.2645246982574463,355,0,0.0840811554201304
3.28776216506958,355,0,0.0840811554201304
3.305081844329834,355,0,0.0840811554201304
3.3230252265930176,355,0,0.0840811554201304
3.3420209884643555,355,0,0.0840811554201304
3.360304117202759,355,0,0.0840811554201304
3.377866268157959,355,0,0.0840811554201304
3.396122932434082,355,0,0.0840811554201304
3.4141952991485596,355,0,0.0840811554201304
3.433091878890991,355,0,0.0840811554201304
3.4510490894317627,355,0,0.0840811554201304
3.468984842300415,355,0,0.0840811554201304
3.4878897666931152,355,0,0.0840811554201304
3.505037546157837,355,0,0.0840811554201304
3.5230398178100586,355,0,0.0840811554201304
3.5429272651672363,355,0,0.0840811554201304
3.560802698135376,355,0,0.0840811554201304
3.578827142715454,355,0,0.0840811554201304
3.597532272338867,355,0,0.0840811554201304
3.6147828102111816,355,0,0.0840811554201304
3.633798837661743,355,0,0.0840811554201304
3.6519806385040283,355,0,0.0840811554201304
3.6741037368774414,355,0,0.0840811554201304
3.69278621673584,355,0,0.0840811554201304
3.7107768058776855,355,0,0.0840811554201304
3.7289328575134277,355,0,0.0840811554201304
3.747943639755249,355,0,0.0840811554201304
3.7651214599609375,355,0,0.0840811554201304
3.7836227416992188,355,0,0.0840811554201304
3.8024203777313232,355,0,0.0840811554201304
3.8205761909484863,355,0,0.0840811554201304
3.8398759365081787,355,0,0.0840811554201304
3.8575751781463623,355,0,0.0840811554201304
3.874742269515991,355,0,0.0840811554201304
3.893566846847534,355,0,0.0840811554201304
3.9116146564483643,355,0,0.0840811554201304
3.929672956466675,355,0,0.0840811554201304
3.948396921157837,355,0,0.0840811554201304
3.9655866622924805,355,0,0.0840811554201304
3.984534978866577,355,0,0.0840811554201304
4.018709659576416,355,0,0.0840811554201304
4.035802364349365,355,0,0.0840811554201304
4.054754257202148,355,0,0.0840811554201304
4.077193021774292,355,0,0.0840811554201304
4.095818996429443,355,0,0.0840811554201304
4.113834619522095,355,0,0.0840811554201304
4.131757020950317,355,0,0.0840811554201304
4.150812864303589,355,0,0.0840811554201304
4.168940544128418,355,0,0.0840811554201304
4.1860833168029785,355,0,0.0840811554201304
4.205022811889648,355,0,0.0840811554201304
4.2229695320129395,355,0,0.0840811554201304
4.240881443023682,355,0,0.0840811554201304
4.2600133419036865,355,0,0.0840811554201304
4.277673959732056,355,0,0.0840811554201304
4.295950889587402,355,0,0.0840811554201304
4.320122003555298,355,0,0.0840811554201304
4.350071430206299,355,0,0.0840811554201304
4.367717742919922,355,0,0.0840811554201304
4.3850178718566895,355,0,0.0840811554201304
4.404034376144409,355,0,0.0840811554201304
4.422064542770386,355,0,0.0840811554201304
4.440343141555786,355,0,0.0840811554201304
4.4591522216796875,355,0,0.0840811554201304
4.4809956550598145,355,0,0.0840811554201304
4.500270843505859,355,0,0.0840811554201304
4.517951488494873,355,0,0.0840811554201304
4.535134315490723,355,0,0.0840811554201304
4.5544044971466064,355,0,0.0840811554201304
4.572381973266602,355,0,0.0840811554201304
4.590473890304565,355,0,0.0840811554201304
4.609110116958618,355,0,0.0840811554201304
4.626605987548828,355,0,0.0840811554201304
4.644420862197876,355,0,0.0840811554201304
4.663053035736084,355,0,0.0840811554201304
4.681129455566406,355,0,0.0840811554201304
4.700232028961182,355,0,0.0840811554201304
4.717943906784058,355,0,0.0840811554201304
4.735026121139526,355,0,0.0840811554201304
4.7542564868927,355,0,0.0840811554201304
4.772087335586548,355,0,0.0840811554201304
4.790245056152344,355,0,0.0840811554201304
4.809529066085815,355,0,0.0840811554201304
4.826709508895874,355,0,0.0840811554201304
4.844335556030273,355,0,0.0840811554201304
4.863643169403076,355,0,0.0840811554201304
4.885208606719971,355,0,0.0840811554201304
4.904311656951904,355,0,0.0840811554201304
4.922270059585571,355,0,0.0840811554201304
4.940503358840942,355,0,0.0840811554201304
4.959646940231323,355,0,0.0840811554201304
4.977133274078369,355,0,0.0840811554201304
4.9952921867370605,355,0,0.0840811554201304
5.014489412307739,355,0,0.0840811554201304
5.032248258590698,355,0,0.0840811554201304
5.050480842590332,355,0,0.0840811554201304
5.069210767745972,355,0,0.0840811554201304
5.086609125137329,355,0,0.0840811554201304
5.105248212814331,355,0,0.0840811554201304
5.123255729675293,355,0,0.0840811554201304
5.141186237335205,355,0,0.0840811554201304
5.160439491271973,355,0,0.0840811554201304
5.1784961223602295,355,0,0.0840811554201304
5.195518255233765,355,0,0.0840811554201304
5.21450138092041,355,0,0.0840811554201304
5.232330560684204,355,0,0.0840811554201304
5.250424385070801,355,0,0.0840811554201304
5.2690818309783936,355,0,0.0840811554201304
5.290718078613281,355,0,0.0840811554201304
5.309839487075806,355,0,0.0840811554201304
5.327561616897583,355,0,0.0840811554201304
5.344912528991699,355,0,0.0840811554201304
5.364003658294678,355,0,0.0840811554201304
5.385727882385254,355,0,0.0840811554201304
5.40383505821228,355,0,0.0840811554201304
5.440158128738403,355,0,0.0840811554201304
5.478541851043701,355,0,0.0840811554201304
5.514991283416748,355,0,0.0840811554201304
5.552567958831787,355,0,0.0840811554201304
5.570760726928711,355,0,0.0840811554201304
5.59417200088501,355,0,0.0840811554201304
5.6240949630737305,355,0,0.0840811554201304
5.642080068588257,355,0,0.0840811554201304
5.660996437072754,355,0,0.0840811554201304
5.682559251785278,355,0,0.0840811554201304
5.700811386108398,355,0,0.0840811554201304
5.720218658447266,355,0,0.0840811554201304
5.73793625831604,355,0,0.0840811554201304
5.756068229675293,355,0,0.0840811554201304
5.774256944656372,355,0,0.0840811554201304
5.792158365249634,355,0,0.0840811554201304
5.81100058555603,355,0,0.0840811554201304
5.829054117202759,355,0,0.0840811554201304
5.846071720123291,355,0,0.0840811554201304
5.865096569061279,355,0,0.0840811554201304
5.8831751346588135,355,0,0.0840811554201304
5.901130676269531,355,0,0.0840811554201304
5.920313596725464,355,0,0.0840811554201304
5.938414096832275,355,0,0.0840811554201304
5.956702709197998,355,0,0.0840811554201304
5.974477052688599,355,0,0.0840811554201304
5.9930713176727295,355,0,0.0840811554201304
6.012170314788818,355,0,0.0840811554201304
6.031094312667847,355,0,0.0840811554201304
6.04903244972229,355,0,0.0840811554201304
6.067787408828735,355,0,0.0840811554201304
6.089895963668823,355,0,0.0840811554201304
6.107566595077515,355,0,0.0840811554201304
6.125927209854126,355,0,0.0840811554201304
6.14403772354126,355,0,0.0840811554201304
6.162599086761475,355,0,0.0840811554201304
6.180889368057251,355,0,0.0840811554201304
6.198859453201294,355,0,0.0840811554201304
6.217666864395142,355,0,0.0840811554201304
6.234777450561523,355,0,0.0840811554201304
6.252593755722046,355,0,0.0840811554201304
6.2717671394348145,355,0,0.0840811554201304
6.28995418548584,355,0,0.0840811554201304
6.307777166366577,355,0,0.0840811554201304
6.326046705245972,355,0,0.0840811554201304
6.344082355499268,355,0,0.0840811554201304
6.362897872924805,355,0,0.0840811554201304
6.380950927734375,355,0,0.0840811554201304
6.398945569992065,355,0,0.0840811554201304
6.417769193649292,355,0,0.0840811554201304
6.43503212928772,355,0,0.0840811554201304
6.45291543006897,355,0,0.0840811554201304
6.47178053855896,355,0,0.0840811554201304
6.4931724071502686,355,0,0.0840811554201304
6.511292219161987,355,0,0.0840811554201304
6.530370473861694,355,0,0.0840811554201304
6.5485148429870605,355,0,0.0840811554201304
6.567126750946045,355,0,0.0840811554201304
6.584548711776733,355,0,0.0840811554201304
6.602446794509888,355,0,0.0840811554201304
6.62127685546875,355,0,0.0840811554201304
6.639816999435425,355,0,0.0840811554201304
6.657215356826782,355,0,0.0840811554201304
6.67573356628418,355,0,0.0840811554201304
6.693607568740845,355,0,0.0840811554201304
6.711291551589966,355,0,0.0840811554201304
6.73045802116394,355,0,0.0840811554201304
6.748477935791016,355,0,0.0840811554201304
6.765637159347534,355,0,0.0840811554201304
6.784641265869141,355,0,0.0840811554201304
6.802394390106201,355,0,0.0840811554201304
6.821265459060669,355,0,0.0840811554201304
6.839797019958496,355,0,0.0840811554201304
6.85718560218811,355,0,0.0840811554201304
6.875532627105713,355,0,0.0840811554201304
6.898435831069946,355,0,0.0840811554201304
6.915600299835205,355,0,0.0840811554201304
6.934483051300049,355,0,0.0840811554201304
6.952267646789551,355,0,0.0840811554201304
6.9705116748809814,355,0,0.0840811554201304
6.9903130531311035,355,0,0.0840811554201304
7.008301734924316,355,0,0.0840811554201304
7.026117563247681,355,0,0.0840811554201304
7.044189691543579,355,0,0.0840811554201304
7.062074422836304,355,0,0.0840811554201304
7.081122398376465,355,0,0.0840811554201304
7.099115371704102,355,0,0.0840811554201304
7.116129398345947,355,0,0.0840811554201304
7.134913921356201,355,0,0.0840811554201304
7.153090476989746,355,0,0.0840811554201304
7.171005725860596,355,0,0.0840811554201304
7.190083980560303,355,0,0.0840811554201304
7.207840442657471,355,0,0.0840811554201304
7.22598671913147,355,0,0.0840811554201304
7.244098424911499,355,0,0.0840811554201304
7.262089014053345,355,0,0.0840811554201304
7.2850823402404785,355,0,0.0840811554201304
7.303123235702515,355,0,0.0840811554201304
7.321210861206055,355,0,0.0840811554201304
7.340301036834717,355,0,0.0840811554201304
7.358320474624634,355,0,0.0840811554201304
7.375584363937378,355,0,0.0840811554201304
7.394493341445923,355,0,0.0840811554201304
7.412359237670898,355,0,0.0840811554201304
7.43159294128418,355,0,0.0840811554201304
7.449854135513306,355,0,0.0840811554201304
7.467536687850952,355,0,0.0840811554201304
7.485668420791626,355,0,0.0840811554201304
7.503818988800049,355,0,0.0840811554201304
7.521734237670898,355,0,0.0840811554201304
7.540750741958618,355,0,0.0840811554201304
7.55885910987854,355,0,0.0840811554201304
7.575932025909424,355,0,0.0840811554201304
7.594804763793945,355,0,0.0840811554201304
7.6124632358551025,355,0,0.0840811554201304
7.630572319030762,355,0,0.0840811554201304
7.649524927139282,355,0,0.0840811554201304
7.666675329208374,355,0,0.0840811554201304
7.690186023712158,355,0,0.0840811554201304
7.707885503768921,355,0,0.0840811554201304
7.725063323974609,355,0,0.0840811554201304
7.7443013191223145,355,0,0.0840811554201304
7.76214861869812,355,0,0.0840811554201304
7.780307292938232,355,0,0.0840811554201304
7.799123048782349,355,0,0.0840811554201304
7.816117525100708,355,0,0.0840811554201304
7.834928035736084,355,0,0.0840811554201304
7.852863311767578,355,0,0.0840811554201304
7.870833396911621,355,0,0.0840811554201304
7.890035152435303,355,0,0.0840811554201304
7.90767765045166,355,0,0.0840811554201304
7.9248552322387695,355,0,0.0840811554201304
7.95012092590332,355,0,0.0840811554201304
7.980087757110596,355,0,0.0840811554201304
7.99887228012085,355,0,0.0840811554201304
8.016674518585205,355,0,0.0840811554201304
8.034518241882324,355,0,0.0840811554201304
8.053180694580078,355,0,0.0840811554201304
8.071256637573242,355,0,0.0840811554201304
8.094040393829346,355,0,0.0840811554201304
8.112109184265137,355,0,0.0840811554201304
8.130292415618896,355,0,0.0840811554201304
8.149078369140625,355,0,0.0840811554201304
8.166201114654541,355,0,0.0840811554201304
8.184302568435669,355,0,0.0840811554201304
8.203564405441284,355,0,0.0840811554201304
8.221560955047607,355,0,0.0840811554201304
8.239614248275757,355,0,0.0840811554201304
8.258520364761353,355,0,0.0840811554201304
8.275530576705933,355,0,0.0840811554201304
8.294628620147705,355,0,0.0840811554201304
8.31240463256836,355,0,0.0840811554201304
8.330592632293701,355,0,0.0840811554201304
8.349680423736572,355,0,0.0840811554201304
8.367198705673218,355,0,0.0840811554201304
8.38463282585144,355,0,0.0840811554201304
8.403840065002441,355,0,0.0840811554201304
8.421747207641602,355,0,0.0840811554201304
8.439955472946167,355,0,0.0840811554201304
8.458922624588013,355,0,0.0840811554201304
8.476044416427612,355,0,0.0840811554201304
8.499680280685425,355,0,0.0840811554201304
8.517179489135742,355,0,0.0840811554201304
8.535571098327637,355,0,0.0840811554201304
8.554518938064575,355,0,0.0840811554201304
8.572316884994507,355,0,0.0840811554201304
8.590562343597412,355,0,0.0840811554201304
8.609239339828491,355,0,0.0840811554201304
8.626650333404541,355,0,0.0840811554201304
8.644532442092896,355,0,0.0840811554201304
8.663275480270386,355,0,0.0840811554201304
8.68119215965271,355,0,0.0840811554201304
8.700324296951294,355,0,0.0840811554201304
8.718457460403442,355,0,0.0840811554201304
8.73525595664978,355,0,0.0840811554201304
8.754486322402954,355,0,0.0840811554201304
8.772392272949219,355,0,0.0840811554201304
8.790463924407959,355,0,0.0840811554201304
8.809211254119873,355,0,0.0840811554201304
8.826680183410645,355,0,0.0840811554201304
8.844524145126343,355,0,0.0840811554201304
8.863255977630615,355,0,0.0840811554201304
8.881292581558228,355,0,0.0840811554201304
8.90424919128418,355,0,0.0840811554201304
8.92212724685669,355,0,0.0840811554201304
8.940440893173218,355,0,0.0840811554201304
8.95920205116272,355,0,0.0840811554201304
8.976715564727783,355,0,0.0840811554201304
8.995036602020264,355,0,0.0840811554201304
9.025229930877686,355,0,0.0840811554201304
9.043224811553955,355,0,0.0840811554201304
9.062334060668945,355,0,0.0840811554201304
9.08045244216919,355,0,0.0840811554201304
9.098546028137207,355,0,0.0840811554201304
9.116681814193726,355,0,0.0840811554201304
9.134584426879883,355,0,0.0840811554201304
9.152369976043701,355,0,0.0840811554201304
9.171732902526855,355,0,0.0840811554201304
9.190028190612793,355,0,0.0840811554201304
9.208889245986938,355,0,0.0840811554201304
9.225924730300903,355,0,0.0840811554201304
9.244210004806519,355,0,0.0840811554201304
9.262973308563232,355,0,0.0840811554201304
9.280824184417725,355,0,0.0840811554201304
9.302579879760742,355,0,0.0840811554201304
9.32170557975769,355,0,0.0840811554201304
9.339924097061157,355,0,0.0840811554201304
9.358789682388306,355,0,0.0840811554201304
9.375945806503296,355,0,0.0840811554201304
9.394041061401367,355,0,0.0840811554201304
9.412739276885986,355,0,0.0840811554201304
9.430819749832153,355,0,0.0840811554201304
9.448838710784912,355,0,0.0840811554201304
9.467560768127441,355,0,0.0840811554201304
9.484766244888306,355,0,0.0840811554201304
9.502582788467407,355,0,0.0840811554201304
9.5217604637146,355,0,0.0840811554201304
9.539987325668335,355,0,0.0840811554201304
9.557589054107666,355,0,0.0840811554201304
9.57594347000122,355,0,0.0840811554201304
9.594044208526611,355,0,0.0840811554201304
9.61296272277832,355,0,0.0840811554201304
9.630954265594482,355,0,0.0840811554201304
9.648930788040161,355,0,0.0840811554201304
9.667775630950928,355,0,0.0840811554201304
9.684927463531494,355,0,0.0840811554201304
9.707509517669678,355,0,0.0840811554201304
9.72578740119934,355,0,0.0840811554201304
9.74383807182312,355,0,0.0840811554201304
9.76193118095398,355,0,0.0840811554201304
9.780911445617676,355,0,0.0840811554201304
9.798914432525635,355,0,0.0840811554201304
9.817625761032104,355,0,0.0840811554201304
9.834802627563477,355,0,0.0840811554201304
9.85273003578186,355,0,0.0840811554201304
9.871816158294678,355,0,0.0840811554201304
9.890188455581665,355,0,0.0840811554201304
9.90854024887085,355,0,0.0840811554201304
9.92671537399292,355,0,0.0840811554201304
9.944445848464966,355,0,0.0840811554201304
9.962310552597046,355,0,0.0840811554201304
9.997780323028564,355,0,0.0840811554201304
