0.015190362930297852,0,6,6.28
0.03413248062133789,5,85,6.252169439969269
0.052060604095458984,12,365,6.166657639256347
0.0714104175567627,21,494,6.044865962487914
0.08968019485473633,32,599,5.8882499550893845
0.10788917541503906,44,662,5.715676016499037
0.12623834609985352,58,717,5.524583769595899
0.14424824714660645,72,756,5.280925651480588
0.16216731071472168,86,780,5.055466599200649
0.1816577911376953,100,806,4.828588717956476
0.2000718116760254,115,828,4.568501315118463
0.21831011772155762,132,836,4.324978141918923
0.23723912239074707,147,853,4.081603503494163
0.25467467308044434,162,858,3.8216262500396945
0.274202823638916,180,862,3.560196550601339
0.292325496673584,196,871,3.2810176811863756
0.314007043838501,213,865,3.0388112937992133
0.33422374725341797,232,854,2.6904184001937588
0.35244107246398926,246,831,2.4528134913832567
0.3711113929748535,261,787,2.2086842581556407
0.3903055191040039,276,750,1.9651341436566616
0.4087364673614502,288,697,1.7401459680704487
0.4283010959625244,301,644,1.5492559001223896
0.4457581043243408,312,586,1.358514843786268
0.4642000198364258,321,540,1.2034051649705022
0.48357510566711426,330,481,1.0643404401279266
0.5018272399902344,338,434,0.9249812683401606
0.5201880931854248,346,385,0.804794625446239
0.5395944118499756,352,339,0.7181601116443286
0.558396577835083,358,296,0.6153468910463511
0.5786106586456299,363,258,0.5467302449596962
0.596747636795044,367,227,0.4967623221485997
0.6145787239074707,370,192,0.44602239997837234
0.6340329647064209,373,169,0.39457842774405805
0.6520593166351318,376,152,0.37723399365937205
0.6706693172454834,378,130,0.3443049918777401
0.6901421546936035,380,117,0.3275580347522826
0.7085580825805664,382,107,0.31212500241625296
0.7315394878387451,384,86,0.2957800190151607
0.7500340938568115,385,76,0.30025670581955755
0.7683112621307373,387,71,0.28473188233057467
0.7873682975769043,388,67,0.2857457776921013
0.8051526546478271,389,60,0.28661185353458496
0.8234713077545166,390,57,0.2886473725075609
0.8427042961120605,391,55,0.2885712181254352
0.8612875938415527,392,55,0.27292837743979703
0.8798384666442871,393,55,0.2914589846633078
0.8990931510925293,394,53,0.2749061002612381
0.9172592163085938,395,52,0.2940930738330154
0.9373161792755127,396,52,0.2954650739003526
0.954669713973999,397,50,0.295924407646889
0.9843564033508301,398,50,0.2809939616756054
1.0024363994598389,399,51,0.2915243346219709
1.0205745697021484,400,51,0.2931454821044692
1.0400307178497314,401,50,0.3111611051971206
1.058290719985962,402,50,0.29454098675574425
1.0755510330200195,403,52,0.31394873593176964
1.095181941986084,404,51,0.2973312400947643
1.1174163818359375,405,49,0.3163622879158092
1.1362597942352295,406,51,0.2992724848736037
1.1543927192687988,407,51,0.32192654142267596
1.172555685043335,408,51,0.30588959482578204
1.191776990890503,409,54,0.3235385301437752
1.210310935974121,410,54,0.30681016966748764
1.2287037372589111,411,54,0.326046495885139
1.2480757236480713,412,54,0.3098123771233281
1.2654423713684082,413,55,0.3117062754603186
1.2838468551635742,414,56,0.31261526664704054
1.3031599521636963,415,55,0.31255866258840115
1.321422815322876,416,54,0.3142873368500734
1.3407435417175293,417,54,0.3153501080203158
1.3595538139343262,418,54,0.316205693445319
1.37740159034729,419,53,0.31834778552315424
1.3967440128326416,420,52,0.31926655187161845
1.4144368171691895,421,51,0.32016934417528375
1.4326529502868652,422,52,0.32189229639105843
1.4521386623382568,423,53,0.32185285847011436
1.4704923629760742,424,53,0.3239250939042728
1.4892323017120361,425,55,0.3422182362229984
1.5084693431854248,426,57,0.3256345958242246
1.5303359031677246,428,56,0.3276782210288909
1.5497055053710938,429,58,0.3320650240289673
1.568176507949829,430,59,0.333052931765371
1.585498332977295,431,60,0.33498903019086246
1.6046488285064697,432,60,0.3185365200105954
1.623344898223877,433,62,0.3375928402010251
1.6416866779327393,434,59,0.32045726079163117
1.661273717880249,436,58,0.32150906470723495
1.6797535419464111,436,57,0.323491177918493
1.6991655826568604,438,57,0.3243787114330958
1.7171530723571777,439,59,0.3255201607344409
1.7351326942443848,440,60,0.3273847335862019
1.7545149326324463,441,59,0.3284894664263671
1.772704839706421,442,60,0.3127579340293032
1.7912955284118652,443,60,0.33028408377905905
1.8105456829071045,444,59,0.3138589917353878
1.8288342952728271,445,59,0.31545725103429234
1.8482818603515625,446,58,0.31652669792474963
1.865548849105835,448,57,0.3177859260041709
1.8840947151184082,448,56,0.31935724400363696
1.9032397270202637,450,53,0.31967543395134523
1.925551414489746,451,52,0.32030404488904374
1.9445760250091553,452,52,0.3220079236184903
1.9640522003173828,453,53,0.32841103254202775
1.9820420742034912,454,53,0.3294141990674948
2.0015692710876465,455,55,0.3303622909011894
2.020012140274048,456,58,0.3310543211809289
2.038304328918457,457,57,0.33296395514413923
2.0579617023468018,458,57,0.3165469693321583
2.0753111839294434,459,59,0.3350987958092091
2.0936543941497803,460,59,0.31966767082181313
2.112844944000244,461,59,0.3194830359861953
2.131417989730835,462,58,0.3212567713593195
2.1499338150024414,464,56,0.3222751966738482
2.169546604156494,464,55,0.3232433156681864
2.1874146461486816,466,56,0.32530911380071004
2.205702543258667,467,57,0.3264457947304731
2.2240734100341797,468,58,0.3272296161631676
2.242305040359497,469,59,0.32803108057071384
2.2617249488830566,470,60,0.32872120350181966
2.2800517082214355,471,60,0.3305781469590503
2.2984201908111572,472,60,0.31384477969259983
2.321437358856201,474,59,0.31484651570659317
2.343165159225464,475,58,0.31686153068176637
2.3623204231262207,476,58,0.32486109041096967
2.380575656890869,477,57,0.3266405478299905
2.399397850036621,478,56,0.32725389997862564
2.418627977371216,479,57,0.32814644028339046
2.4362924098968506,480,57,0.3128822083013656
2.45538592338562,481,58,0.33118512578183434
2.4740891456604004,482,57,0.3146105452890655
2.4922876358032227,484,58,0.3157431731029856
2.5114517211914062,484,59,0.31694375021194787
2.5301406383514404,486,57,0.3175766526840711
2.5484182834625244,486,55,0.319396164424381
2.567512035369873,488,52,0.32049994359022804
2.5851547718048096,488,53,0.322526641075779
2.6035990715026855,490,53,0.32334694055107427
2.6226253509521484,490,55,0.3232757929591088
2.6411077976226807,492,57,0.3250056593136783
2.665497064590454,493,59,0.32576277786551167
2.6954524517059326,495,58,0.3094437820895415
2.7147865295410156,496,58,0.3289286800298026
2.7381110191345215,497,58,0.31130863406767517
2.755502939224243,498,57,0.31820598470569195
2.774796962738037,499,56,0.3191023397077206
2.79343843460083,500,56,0.32076926355740554
2.8126542568206787,502,54,0.3211766220536987
2.8313663005828857,502,52,0.32216667555731426
2.8499064445495605,503,52,0.3238231089895205
2.8692426681518555,504,54,0.3251033179039027
2.887256622314453,506,57,0.3261870699091052
2.9046926498413086,506,59,0.32813723503076453
2.9243195056915283,508,59,0.3286072976133596
2.9433822631835938,509,59,0.33047687725528085
2.9617421627044678,510,59,0.3314628776430535
2.981210947036743,511,59,0.3325640342045304
2.9995949268341064,512,60,0.3167743276741657
3.018758535385132,514,61,0.31773171783244436
3.0371010303497314,514,59,0.31889390955017305
3.0546047687530518,516,59,0.3209048714095015
3.0746119022369385,517,56,0.32147459295816283
3.0931384563446045,518,53,0.3224324599535997
3.1114015579223633,519,54,0.3240218977650766
3.134597063064575,520,57,0.30753505530941894
3.1531224250793457,521,58,0.33152520957577636
3.172287940979004,522,58,0.3141881664670425
3.1906795501708984,523,59,0.315135781463578
3.2093939781188965,524,56,0.3169350276246661
3.2284340858459473,526,55,0.3178130243961039
3.245722770690918,526,53,0.31979966756036404
3.2642247676849365,527,53,0.320725348047624
3.283454179763794,528,53,0.3214035500497747
3.301823854446411,529,54,0.32252687953910986
3.3213694095611572,530,55,0.3234668651411141
3.3398501873016357,532,56,0.32437228004914864
3.358250141143799,532,55,0.32637561251394764
3.377345085144043,534,57,0.3274555498218845
3.3947229385375977,535,58,0.3284329671408095
3.413217544555664,536,60,0.32992513017201297
3.4325265884399414,537,61,0.3301918217066344
3.4507336616516113,538,62,0.31450201256091326
3.4697954654693604,539,61,0.3327291129332277
3.4894824028015137,540,59,0.31673555851773116
3.5074234008789062,542,58,0.31852145323838776
3.53035569190979,543,58,0.31997141618109204
3.5488412380218506,544,56,0.3208041134225006
3.5672943592071533,545,55,0.32598794973251266
3.585719347000122,546,55,0.3274758212292941
3.6041600704193115,547,54,0.32913177782434033
3.6234281063079834,548,54,0.32930834713606316
3.641723155975342,549,57,0.3299686677447813
3.660085439682007,550,58,0.3144271549552613
3.6795639991760254,551,59,0.3150200031060937
3.6980464458465576,552,58,0.3160789595790714
3.7153563499450684,553,58,0.3182167601224819
3.734619140625,554,55,0.31907949810485725
3.753131151199341,555,54,0.32068490996113574
3.7713475227355957,556,53,0.320782085886016
3.7905426025390625,557,53,0.32171015055906516
3.8090896606445312,558,54,0.32339233319781435
3.8284366130828857,560,55,0.3243287425211321
3.845696210861206,560,58,0.3257250612835385
3.8642075061798096,562,57,0.32731902904801835
3.883380651473999,562,58,0.3275242085892316
3.9016101360321045,564,58,0.3281408985979759
3.920088052749634,565,59,0.3299844906147751
3.9438395500183105,566,60,0.3132213210259387
3.9620468616485596,568,61,0.31964207292432967
3.9815194606781006,568,60,0.32066574344760035
3.999973773956299,570,56,0.32150297064201183
4.018266201019287,570,55,0.32323426750805595
4.037261724472046,572,55,0.32432111895478677
4.054628610610962,573,57,0.3251955394475381
4.072832822799683,574,58,0.32666004592356757
4.092493772506714,575,59,0.32656672540374565
4.1105780601501465,576,60,0.3112328751966231
4.128854990005493,577,59,0.32940680822579793
4.148424863815308,578,58,0.31270419695605334
4.166244745254517,579,58,0.31470228421211033
4.1850974559783936,580,58,0.3158458792806673
4.20336651802063,581,57,0.3163388300468579
4.221683025360107,582,56,0.317377044103452
4.240742206573486,583,54,0.3184331395534805
4.259471893310547,584,53,0.3199446144895912
4.277891159057617,585,53,0.32068409006657106
4.2966742515563965,586,52,0.3221278541262187
4.314438104629517,587,52,0.323727543936597
4.338508367538452,589,54,0.3246200842413618
4.356197357177734,590,57,0.32965157107932797
4.374324560165405,591,59,0.33123886312359296
4.398235082626343,592,57,0.313943781684781
4.415518283843994,593,58,0.3203087436356622
4.433858871459961,594,57,0.32109685660278053
4.453388452529907,595,56,0.3209401167409176
4.471708297729492,596,55,0.3226866723960242
4.490749359130859,597,54,0.3240241017693908
4.509535312652588,598,55,0.32470373428301613
4.527883768081665,599,55,0.3265942947599001
4.546682357788086,600,57,0.32776244694210455
4.564431190490723,602,58,0.32933805647599534
4.582797050476074,603,59,0.3302511007785611
4.602081537246704,604,60,0.33036019763239644
4.620448589324951,605,60,0.3322693547584503
4.639961004257202,606,61,0.31566211092034635
4.658271312713623,607,59,0.316511497462292
4.675506114959717,608,58,0.3185374796921039
4.694784641265869,609,56,0.31931343331168804
4.713184833526611,610,56,0.3191550245197714
4.7351768016815186,612,55,0.32122296841950515
4.7545788288116455,613,54,0.32609447639089595
4.772803783416748,614,53,0.3283145313440965
4.7919957637786865,615,53,0.32844794689300194
4.810513496398926,616,56,0.32935002394092905
4.828831434249878,617,57,0.3309282560791882
4.8482420444488525,618,57,0.33197719897184363
4.865576982498169,619,60,0.3333475301091262
4.88414454460144,620,60,0.3174207328957781
4.903650283813477,621,59,0.33515549890224783
4.921797037124634,622,57,0.31949215421880695
4.940854549407959,623,57,0.32036347527002995
4.960165739059448,624,58,0.32192382601485825
4.978443622589111,626,57,0.3235986176776535
4.997974395751953,626,58,0.3245154766774849
5.015322208404541,628,58,0.32561901742475463
5.033671855926514,629,58,0.32754200282839463
5.052841663360596,630,58,0.32734997701682467
5.071342706680298,631,59,0.32901308616924574
5.089754581451416,632,59,0.31274082043477947
5.1092212200164795,633,61,0.31353537070353177
5.13119101524353,634,59,0.3153141128668153
5.1502649784088135,636,58,0.316783864551585
5.168548583984375,637,55,0.3209630049692631
5.186255931854248,638,53,0.32258820556760703
5.205491065979004,639,53,0.3235296216810859
5.223841905593872,640,54,0.32566170017859797
5.2420361042022705,641,57,0.3255457298937632
5.261356830596924,642,57,0.32662733613175376
5.279850244522095,643,60,0.3283493346732129
5.299432277679443,644,58,0.3116414781947263
5.317352533340454,645,57,0.33023407424880347
5.334820747375488,646,57,0.3148005650756165
5.354377746582031,647,57,0.33308679325554813
5.372582674026489,648,57,0.315443859109827
5.391101360321045,649,57,0.31733179698233904
5.41042160987854,650,58,0.31819167394176695
5.428715944290161,652,55,0.31991629508759445
5.446850538253784,652,53,0.32101387537038484
5.465498208999634,654,53,0.3222180287580354
5.48405909538269,654,54,0.32388662153777403
5.503086805343628,656,55,0.3238529056627293
5.521392583847046,656,58,0.324847965956506
5.54370903968811,658,58,0.3265718718465962
5.5630943775177,659,59,0.33127004951098016
5.582067966461182,660,59,0.31562029468654806
5.600609302520752,661,59,0.3170321106565943
5.619968891143799,662,58,0.3184343898834765
5.638324737548828,664,57,0.32015519633204015
5.657436370849609,664,55,0.32110090397994284
5.674861907958984,666,55,0.3221498468725965
5.693342685699463,666,53,0.32409619729699024
5.7125396728515625,668,52,0.3238436131663285
5.730783939361572,668,55,0.3247678631421138
5.749560832977295,670,57,0.3264595825240253
5.768605470657349,671,58,0.3274999423478313
5.78670072555542,672,59,0.3292464980029379
5.8043859004974365,673,61,0.33016288016561113
5.823716402053833,674,59,0.3135902070214769
5.8419249057769775,675,58,0.31455975652728974
5.861145734786987,676,58,0.31558771858498424
5.879577159881592,677,57,0.31611333269651
5.898110389709473,678,56,0.31795787838762735
5.9171364307403564,679,55,0.31905641234473414
5.939815998077393,680,55,0.3211553506597511
5.959332704544067,682,53,0.32487386638260674
5.982441186904907,683,52,0.326943002375236
6.000563383102417,684,52,0.3338749237072207
6.020161151885986,685,55,0.33441841921218085
6.038439512252808,686,57,0.3188823900499802
6.055714130401611,687,59,0.337424918202446
6.075285911560059,688,58,0.320760692323935
6.093634843826294,689,57,0.32280097966849475
6.112646818161011,690,56,0.3226594985956943
6.131321907043457,691,56,0.32351055406769547
6.155469655990601,693,59,0.3254056444975806
6.1848368644714355,694,59,0.30885180642119536
6.203583717346191,696,61,0.3278818017125307
6.222705364227295,697,58,0.32786453671944393
6.241170883178711,698,57,0.32969549255155073
6.259685277938843,699,59,0.33041660989793975
6.2786946296691895,700,60,0.3140883157973846
6.2968034744262695,701,60,0.315796247642675
6.315584182739258,702,59,0.31701661349370447
6.338464736938477,704,57,0.31756487737024486
6.35575795173645,705,54,0.31862216491316886
6.37537693977356,706,55,0.32406540063724343
6.393773078918457,707,54,0.32622370517845667
6.4118945598602295,708,54,0.3260309641111512
6.431449890136719,709,56,0.32695902878420036
6.450027942657471,710,58,0.32885125819113803
6.4694554805755615,711,58,0.32986276936687275
6.48740553855896,712,58,0.31343219369588304
6.50525164604187,713,59,0.33292100518880297
6.524360656738281,714,58,0.3164084135266023
6.542535066604614,715,57,0.3164023542067316
6.560828685760498,716,57,0.317906199748311
6.580225467681885,718,56,0.3187446190356198
6.5985260009765625,718,55,0.32047973059892776
6.616264343261719,720,53,0.32142233880530213
6.6353919506073,720,53,0.322380682637899
6.65382194519043,721,54,0.3244452886775253
6.673159122467041,722,57,0.324264706957754
6.691527843475342,724,57,0.3252549988799487
6.710000991821289,725,59,0.32729385571303204
6.733182907104492,726,59,0.3279808792026113
6.751563787460327,727,59,0.33001258347832163
6.7700276374816895,728,60,0.3175912546335038
6.789601564407349,730,60,0.31823846222037133
6.808063507080078,730,60,0.3202825642621967
6.827099084854126,732,58,0.3214619221176189
6.844544887542725,733,57,0.32248940733815523
6.863140821456909,734,56,0.32398538506662433
6.882315397262573,735,56,0.3241159395925788
6.900507688522339,736,58,0.3261390607994432
6.919338703155518,737,59,0.3268070108026926
6.939443111419678,738,60,0.3102445896574597
6.9580652713775635,739,60,0.31275408476568956
6.977233648300171,740,59,0.31446821549403836
6.994541883468628,742,56,0.3155250261998024
7.012731075286865,742,54,0.3169315969611084
7.032094240188599,744,53,0.3168921590401652
7.05049467086792,744,53,0.3175903882029605
7.069242477416992,746,54,0.31963258289615304
7.088661432266235,746,53,0.3205117717604864
7.106692314147949,748,53,0.3226634005814848
7.124431371688843,748,53,0.3237395231921578
7.148385763168335,750,53,0.3246842771657441
7.165731906890869,751,55,0.33020452209087026
7.1847984790802,752,56,0.33115094499451025
7.203487396240234,753,59,0.33259828533284264
7.22170877456665,754,59,0.3328993091428565
7.241096258163452,755,60,0.33396064980162343
7.259606838226318,756,59,0.31807152272377337
7.27808141708374,758,58,0.3191002000372034
7.297127962112427,758,58,0.3203813626259038
7.3145201206207275,760,57,0.32233224300329866
7.338076829910278,761,56,0.3227388862438527
7.355406999588013,762,56,0.3228284327742035
7.3738062381744385,763,58,0.328858416621447
7.393167972564697,764,58,0.32870072308526943
7.411451101303101,765,57,0.33044680190321607
7.430005311965942,766,58,0.31421649783867167
7.4496378898620605,767,59,0.31500985601452847
7.4681174755096436,768,59,0.31705157387056104
7.4872496128082275,770,57,0.3184087919859948
7.504603624343872,770,57,0.3192634237366807
7.52313232421875,772,55,0.320901260519717
7.5462095737457275,773,53,0.320887571805315
7.564250230789185,774,52,0.3272797134742138
7.582595586776733,775,53,0.32744173925261144
7.601961612701416,776,55,0.32823867370715476
7.6203694343566895,777,57,0.3302977961194635
7.6399431228637695,778,58,0.3308575040878008
7.658233165740967,779,59,0.3319865556230326
7.67542028427124,780,58,0.31653111194056827
7.694666385650635,781,59,0.334728409990495
7.713147401809692,782,58,0.31720373146000824
7.731460094451904,783,58,0.3188921129818123
7.7505269050598145,784,58,0.3200733781858691
7.768811464309692,786,57,0.3214882935974437
7.786839962005615,786,54,0.3223758271120456
7.805498123168945,788,53,0.32351560748333874
7.824071407318115,788,55,0.32517800138002073
7.843393564224243,790,57,0.32510566169516153
7.861764669418335,791,59,0.32616533342387477
7.880199670791626,792,59,0.3281815404919435
7.8995726108551025,793,61,0.32896083197163506
7.917867183685303,794,59,0.3133902321154647
7.94145131111145,796,60,0.31436240422564765
7.959914207458496,796,58,0.3159427821311187
7.978318452835083,798,56,0.3213440561852732
7.9973814487457275,799,56,0.3223574747096407
8.014728307723999,800,57,0.32339235090612917
8.033149719238281,801,59,0.32480702789912463
8.052298069000244,802,58,0.30760254552037125
8.070599555969238,803,60,0.3266951053348244
8.089991092681885,804,59,0.30999821611097644
8.109568357467651,805,59,0.310838542746918
8.127465009689331,806,58,0.31375692571830704
8.1461820602417,808,57,0.3149117264600836
8.164162397384644,808,56,0.3157246349594267
8.182447671890259,810,53,0.3165482722948294
8.201626777648926,810,53,0.31727487326853954
8.220000743865967,811,52,0.31783911118987973
8.238512754440308,812,52,0.3196076013542637
8.258065938949585,813,52,0.32073403028512537
8.275331497192383,814,53,0.32288255966459545
8.293835639953613,815,54,0.323779153085205
8.313149452209473,816,53,0.32362122113044656
8.331332206726074,817,54,0.32545718375271626
8.354100227355957,819,56,0.3264384157689051
8.372548818588257,820,58,0.3305877538641955
8.390750885009766,821,59,0.3326242265114896
8.410157680511475,822,60,0.3160372482526075
8.428434610366821,823,61,0.33522755968449225
8.446268796920776,824,58,0.3187469161118912
8.465349912643433,825,56,0.3197741629138484
8.483841180801392,826,57,0.3217729654256427
8.503167390823364,828,55,0.3218005231254253
8.521456241607666,828,57,0.32265277069032194
8.540050983428955,830,58,0.324660394689543
8.559458017349243,831,59,0.32548379360636837
8.577374696731567,832,59,0.32744707174987653
8.595178365707397,833,58,0.32850245194416594
8.614375591278076,834,58,0.3119717404699536
8.632684707641602,835,59,0.3310471341467114
8.651938438415527,836,59,0.3135336612894424
8.67042851448059,837,58,0.31444551349911265
8.688783884048462,838,58,0.3163026953749224
8.708744525909424,840,55,0.3172472109299296
8.726807594299316,840,54,0.3188719346911135
8.7495436668396,842,54,0.32098923123672307
8.76871371269226,843,54,0.3255701069601873
8.786730766296387,844,53,0.3273159473595566
8.805351495742798,845,54,0.32828358951673664
8.82374358177185,846,57,0.32911104154940496
8.841962099075317,847,57,0.33006270966178697
8.861442565917969,848,57,0.33111451357738986
8.87992811203003,849,59,0.331716660052809
8.898373365402222,850,61,0.3162924492042052
8.917381286621094,851,61,0.3174758601754739
8.935551881790161,852,59,0.3194007529277467
8.954135417938232,854,57,0.3207419969983807
8.973358631134033,854,54,0.32064319285123943
8.991455554962158,856,54,0.3226410416887173
9.010668754577637,856,53,0.3234019749378181
9.029521703720093,858,53,0.32414621888637996
9.047460079193115,858,55,0.32620343395005413
9.066280126571655,860,57,0.3273329623224459
9.08444333076477,861,59,0.3289057108333857
9.10262155532837,862,58,0.3298821744779943
9.12186050415039,863,59,0.32983200772098975
9.144059896469116,864,59,0.3142471027500733
9.163400411605835,866,60,0.31488310466372305
9.181627035140991,866,59,0.3197665335640689
9.20010757446289,868,57,0.32165065673931537
9.219529628753662,868,55,0.3223422101818958
9.237460851669312,870,55,0.3243159787428862
9.255208730697632,871,57,0.3253665905655936
9.274436712265015,872,58,0.3262264675250215
9.292739391326904,873,60,0.32789935183918395
9.311892986297607,874,60,0.3279259558646501
9.330328941345215,875,61,0.3112061784572102
9.348729848861694,876,60,0.31298062908606994
9.368319034576416,878,57,0.31397878882137675
9.385688781738281,878,57,0.3151776970002853
9.404046773910522,879,56,0.3171664859317591
9.423428773880005,880,55,0.3168483366918444
9.44172716140747,882,55,0.3189482286811778
9.460147619247437,882,54,0.31993971269626975
9.479492664337158,884,53,0.32055211117058846
9.498081922531128,884,52,0.32248058020154957
9.51726245880127,886,53,0.32368211098482824
9.534650802612305,886,54,0.3246690650469155
9.558144569396973,888,55,0.3263212069446979
9.577250957489014,889,59,0.3315081426962383
9.594587802886963,890,59,0.3160529374323531
9.61320686340332,891,59,0.3338756798945113
9.63235878944397,892,57,0.3164561439574083
9.650554656982422,893,58,0.3185927524079233
9.67548155784607,895,56,0.3192173102297762
9.70465898513794,896,55,0.302546170212473
9.724151134490967,897,54,0.32181696826870265
9.742471933364868,898,55,0.32175941053574597
9.760654211044312,899,54,0.32395228577092894
9.780106544494629,900,55,0.3245756514998881
9.798548460006714,902,57,0.32643402546859157
9.816240072250366,902,58,0.32742455580936713
9.835370540618896,904,59,0.32837145555016534
9.854048490524292,905,59,0.3303979146171354
9.873350858688354,906,60,0.33039066320437094
9.891615629196167,907,59,0.3314527191188752
9.910174131393433,908,58,0.31604090603638646
9.930338859558105,909,59,0.31667762320577353
9.952549457550049,911,58,0.31876154115030886
9.971741914749146,912,57,0.3245554906042418
9.990213394165039,913,56,0.3253130859932334
10.008432149887085,914,55,0.327073708344507
