0.013127803802490234,0,7,6.28
0.03234124183654785,4,33,6.262546707480057
0.05007672309875488,11,362,6.175280244880341
0.06817102432250977,20,499,6.035653904720794
0.08708786964416504,32,586,5.878574272041305
0.10409164428710938,44,657,5.686588054321928
0.12212610244750977,55,709,5.477148544082609
0.14110064506530762,70,746,5.250255741323346
0.15901565551757812,84,778,4.988456353524196
0.17696356773376465,98,802,4.761563550764934
0.19573378562927246,113,818,4.499764162965784
0.21295666694641113,128,838,4.220511482646691
0.23084688186645508,144,849,3.976165387367485
0.250002384185791,159,852,3.6794594145284494
0.2683279514312744,174,868,3.4176600267293
0.2904696464538574,194,868,3.0860474688503774
0.30869340896606445,211,873,2.8067947885312843
0.32674598693847656,227,879,2.5275421082121916
0.345623254776001,243,879,2.2657427204130425
0.36301517486572266,258,872,1.9864900400939494
0.3812375068664551,274,844,1.67233077473497
0.40038013458251953,288,792,1.427984679455764
0.41868019104003906,303,738,1.183638584176558
0.43810224533081055,315,668,0.939292488897352
0.4560253620147705,325,586,0.7298529786580321
0.47364211082458496,335,524,0.5553200534585994
0.4927084445953369,344,442,0.3807871282591666
0.510683536529541,350,381,0.25861408061956315
0.5290625095367432,356,298,0.13644103297996057
0.5484509468078613,360,245,0.0491745703802442
0.5667376518249512,363,174,-0.02063859969952908
0.5838556289672852,365,135,-0.055545184739416165
0.6028876304626465,366,79,-0.09045176977930236
0.6210522651672363,367,67,-0.10790506229924546
0.6400902271270752,367,53,-0.12535835481918944
0.6585986614227295,367,53,-0.12535835481918944
0.6803174018859863,367,18,-0.12535835481918944
0.6993100643157959,367,5,-0.12535835481918944
0.7177643775939941,367,5,-0.12535835481918944
0.7353146076202393,366,-4,-0.12535835481918944
0.7540125846862793,366,-12,-0.10790506229924546
0.7723259925842285,366,-12,-0.10790506229924546
0.7903702259063721,365,-17,-0.10790506229924546
0.8096904754638672,365,-19,-0.09045176977930236
0.8279850482940674,364,-20,-0.09045176977930236
0.8468353748321533,364,-20,-0.07299847725935926
0.8642220497131348,364,-16,-0.07299847725935926
0.8825783729553223,364,-16,-0.07299847725935926
0.901665449142456,364,-16,-0.07299847725935926
0.9199647903442383,364,-12,-0.07299847725935926
0.9382929801940918,364,-12,-0.07299847725935926
0.95804762840271,364,-12,-0.07299847725935926
0.9758610725402832,364,-6,-0.07299847725935926
0.9932727813720703,364,-6,-0.07299847725935926
1.012575626373291,364,-2,-0.07299847725935926
1.0304954051971436,364,-2,-0.07299847725935926
1.049839735031128,364,-2,-0.07299847725935926
1.0681250095367432,364,0,-0.07299847725935926
1.0892853736877441,364,0,-0.07299847725935926
1.1085679531097412,364,0,-0.07299847725935926
1.1265983581542969,364,0,-0.07299847725935926
1.1436660289764404,364,0,-0.07299847725935926
1.162642002105713,364,0,-0.07299847725935926
1.180572509765625,364,0,-0.07299847725935926
1.1998310089111328,364,0,-0.07299847725935926
1.2181708812713623,364,0,-0.07299847725935926
1.2359504699707031,364,0,-0.07299847725935926
1.2541837692260742,364,0,-0.07299847725935926
1.2722465991973877,364,0,-0.07299847725935926
1.2902331352233887,364,0,-0.07299847725935926
1.3092350959777832,364,0,-0.07299847725935926
1.327244520187378,364,0,-0.07299847725935926
1.344763994216919,364,0,-0.07299847725935926
1.3632781505584717,364,0,-0.07299847725935926
1.3812873363494873,364,0,-0.07299847725935926
1.399653434753418,364,0,-0.07299847725935926
1.4240198135375977,364,0,-0.07299847725935926
1.4552626609802246,364,0,-0.07299847725935926
1.4728326797485352,364,0,-0.07299847725935926
1.4953279495239258,364,0,-0.07299847725935926
1.513702630996704,364,0,-0.07299847725935926
1.5317554473876953,364,0,-0.07299847725935926
1.5498006343841553,364,0,-0.07299847725935926
1.5688457489013672,364,0,-0.07299847725935926
1.587029218673706,364,0,-0.07299847725935926
1.6060051918029785,364,0,-0.07299847725935926
1.6232783794403076,364,0,-0.07299847725935926
1.641589641571045,364,0,-0.07299847725935926
1.6603291034698486,364,0,-0.07299847725935926
1.6785759925842285,364,0,-0.07299847725935926
1.6970245838165283,364,0,-0.07299847725935926
1.7157492637634277,364,0,-0.07299847725935926
1.7328951358795166,364,0,-0.07299847725935926
1.7506301403045654,364,0,-0.07299847725935926
1.7698988914489746,364,0,-0.07299847725935926
1.7881677150726318,364,0,-0.07299847725935926
1.805896282196045,364,0,-0.07299847725935926
1.8242037296295166,364,0,-0.07299847725935926
1.8423893451690674,364,0,-0.07299847725935926
1.8612456321716309,364,0,-0.07299847725935926
1.8836355209350586,364,0,-0.07299847725935926
1.9016313552856445,364,0,-0.07299847725935926
1.9204671382904053,364,0,-0.07299847725935926
1.938659906387329,364,0,-0.07299847725935926
1.957758903503418,364,0,-0.07299847725935926
1.9767134189605713,364,0,-0.07299847725935926
1.9938483238220215,364,0,-0.07299847725935926
2.012927293777466,364,0,-0.07299847725935926
2.0306849479675293,364,0,-0.07299847725935926
2.048887252807617,364,0,-0.07299847725935926
2.068199634552002,364,0,-0.07299847725935926
2.0859453678131104,364,0,-0.07299847725935926
2.1033222675323486,364,0,-0.07299847725935926
2.122598171234131,364,0,-0.07299847725935926
2.1404173374176025,364,0,-0.07299847725935926
2.158550500869751,364,0,-0.07299847725935926
2.1773250102996826,364,0,-0.07299847725935926
2.195172071456909,364,0,-0.07299847725935926
2.213317632675171,364,0,-0.07299847725935926
2.231660842895508,364,0,-0.07299847725935926
2.2497522830963135,364,0,-0.07299847725935926
2.26863431930542,364,0,-0.07299847725935926
2.2902421951293945,364,0,-0.07299847725935926
2.3085241317749023,364,0,-0.07299847725935926
2.3272786140441895,364,0,-0.07299847725935926
2.3447115421295166,364,0,-0.07299847725935926
2.3627467155456543,364,0,-0.07299847725935926
2.3815994262695312,364,0,-0.07299847725935926
2.399618148803711,364,0,-0.07299847725935926
2.418696880340576,364,0,-0.07299847725935926
2.4367406368255615,364,0,-0.07299847725935926
2.4538323879241943,364,0,-0.07299847725935926
2.4727556705474854,364,0,-0.07299847725935926
2.490675926208496,364,0,-0.07299847725935926
2.5088436603546143,364,0,-0.07299847725935926
2.5287773609161377,364,0,-0.07299847725935926
2.5469257831573486,364,0,-0.07299847725935926
2.5640416145324707,364,0,-0.07299847725935926
2.583001136779785,364,0,-0.07299847725935926
2.601196765899658,364,0,-0.07299847725935926
2.6202940940856934,364,0,-0.07299847725935926
2.638497829437256,364,0,-0.07299847725935926
2.656676769256592,364,0,-0.07299847725935926
2.6747524738311768,364,0,-0.07299847725935926
2.6970911026000977,364,0,-0.07299847725935926
2.7141709327697754,364,0,-0.07299847725935926
2.7332539558410645,364,0,-0.07299847725935926
2.751354217529297,364,0,-0.07299847725935926
2.7693333625793457,364,0,-0.07299847725935926
2.7886176109313965,364,0,-0.07299847725935926
2.806699275970459,364,0,-0.07299847725935926
2.8251702785491943,364,0,-0.07299847725935926
2.842703104019165,364,0,-0.07299847725935926
2.860485315322876,364,0,-0.07299847725935926
2.879807472229004,364,0,-0.07299847725935926
2.8980917930603027,364,0,-0.07299847725935926
2.9158380031585693,364,0,-0.07299847725935926
2.9340243339538574,364,0,-0.07299847725935926
2.952113151550293,364,0,-0.07299847725935926
2.970574378967285,364,0,-0.07299847725935926
3.005743980407715,364,0,-0.07299847725935926
3.022965431213379,364,0,-0.07299847725935926
3.041883707046509,364,0,-0.07299847725935926
3.0598340034484863,364,0,-0.07299847725935926
3.082881450653076,364,0,-0.07299847725935926
3.1006557941436768,364,0,-0.07299847725935926
3.1188812255859375,364,0,-0.07299847725935926
3.1383140087127686,364,0,-0.07299847725935926
3.1564488410949707,364,0,-0.07299847725935926
3.173323392868042,364,0,-0.07299847725935926
3.192566156387329,364,0,-0.07299847725935926
3.210428237915039,364,0,-0.07299847725935926
3.229287624359131,364,0,-0.07299847725935926
3.2473747730255127,364,0,-0.07299847725935926
3.2653205394744873,364,0,-0.07299847725935926
3.2837462425231934,364,0,-0.07299847725935926
3.301649808883667,364,0,-0.07299847725935926
3.3196957111358643,364,0,-0.07299847725935926
3.338526964187622,364,0,-0.07299847725935926
3.3568432331085205,364,0,-0.07299847725935926
3.3739657402038574,364,0,-0.07299847725935926
3.393111228942871,364,0,-0.07299847725935926
3.4110891819000244,364,0,-0.07299847725935926
3.429001569747925,364,0,-0.07299847725935926
3.448230743408203,364,0,-0.07299847725935926
3.465928316116333,364,0,-0.07299847725935926
3.4886794090270996,364,0,-0.07299847725935926
3.5068061351776123,364,0,-0.07299847725935926
3.5239384174346924,364,0,-0.07299847725935926
3.542947769165039,364,0,-0.07299847725935926
3.561038017272949,364,0,-0.07299847725935926
3.578845262527466,364,0,-0.07299847725935926
3.5981900691986084,364,0,-0.07299847725935926
3.6159772872924805,364,0,-0.07299847725935926
3.633256435394287,364,0,-0.07299847725935926
3.6525187492370605,364,0,-0.07299847725935926
3.670299768447876,364,0,-0.07299847725935926
3.689134359359741,364,0,-0.07299847725935926
3.7071945667266846,364,0,-0.07299847725935926
3.7241926193237305,364,0,-0.07299847725935926
3.743194580078125,364,0,-0.07299847725935926
3.761237859725952,364,0,-0.07299847725935926
3.7793357372283936,364,0,-0.07299847725935926
3.7986879348754883,364,0,-0.07299847725935926
3.816706657409668,364,0,-0.07299847725935926
3.8338053226470947,364,0,-0.07299847725935926
3.8526957035064697,364,0,-0.07299847725935926
3.8705012798309326,364,0,-0.07299847725935926
3.893226146697998,364,0,-0.07299847725935926
3.9116179943084717,364,0,-0.07299847725935926
3.929840326309204,364,0,-0.07299847725935926
3.948884963989258,364,0,-0.07299847725935926
3.967959403991699,364,0,-0.07299847725935926
3.985840082168579,364,0,-0.07299847725935926
4.003973484039307,364,0,-0.07299847725935926
4.022112131118774,364,0,-0.07299847725935926
4.041050434112549,364,0,-0.07299847725935926
4.059115886688232,364,0,-0.07299847725935926
4.077122926712036,364,0,-0.07299847725935926
4.09585428237915,364,0,-0.07299847725935926
4.113104820251465,364,0,-0.07299847725935926
4.131066560745239,364,0,-0.07299847725935926
4.149921894073486,364,0,-0.07299847725935926
4.168402433395386,364,0,-0.07299847725935926
4.186456918716431,364,0,-0.07299847725935926
4.204670667648315,364,0,-0.07299847725935926
4.222620248794556,364,0,-0.07299847725935926
4.240447282791138,364,0,-0.07299847725935926
4.2593324184417725,364,0,-0.07299847725935926
4.277721166610718,364,0,-0.07299847725935926
4.299905300140381,364,0,-0.07299847725935926
4.318218469619751,364,0,-0.07299847725935926
4.335968017578125,364,0,-0.07299847725935926
4.354166030883789,364,0,-0.07299847725935926
4.377040386199951,364,0,-0.07299847725935926
4.39411997795105,364,0,-0.07299847725935926
4.436524391174316,364,0,-0.07299847725935926
4.472990274429321,364,0,-0.07299847725935926
4.512203693389893,364,0,-0.07299847725935926
4.543605089187622,364,0,-0.07299847725935926
4.561371088027954,364,0,-0.07299847725935926
4.587007522583008,364,0,-0.07299847725935926
4.614192962646484,364,0,-0.07299847725935926
4.6322784423828125,364,0,-0.07299847725935926
4.6512110233306885,364,0,-0.07299847725935926
4.6691577434539795,364,0,-0.07299847725935926
4.691916227340698,364,0,-0.07299847725935926
4.710067510604858,364,0,-0.07299847725935926
4.728288412094116,364,0,-0.07299847725935926
4.747129917144775,364,0,-0.07299847725935926
4.764699935913086,364,0,-0.07299847725935926
4.782488822937012,364,0,-0.07299847725935926
4.801239967346191,364,0,-0.07299847725935926
4.819605588912964,364,0,-0.07299847725935926
4.837766885757446,364,0,-0.07299847725935926
4.856706142425537,364,0,-0.07299847725935926
4.873789548873901,364,0,-0.07299847725935926
4.899974822998047,364,0,-0.07299847725935926
4.927836894989014,364,0,-0.07299847725935926
4.94683051109314,364,0,-0.07299847725935926
4.964768648147583,364,0,-0.07299847725935926
4.982630014419556,364,0,-0.07299847725935926
5.001640796661377,364,0,-0.07299847725935926
5.020388126373291,364,0,-0.07299847725935926
5.038513898849487,364,0,-0.07299847725935926
5.057721138000488,364,0,-0.07299847725935926
5.075297832489014,364,0,-0.07299847725935926
5.098433256149292,364,0,-0.07299847725935926
5.1166768074035645,364,0,-0.07299847725935926
5.1338019371032715,364,0,-0.07299847725935926
5.153153896331787,364,0,-0.07299847725935926
5.1710875034332275,364,0,-0.07299847725935926
5.189123153686523,364,0,-0.07299847725935926
5.2083775997161865,364,0,-0.07299847725935926
5.226433992385864,364,0,-0.07299847725935926
5.243661880493164,364,0,-0.07299847725935926
5.262554407119751,364,0,-0.07299847725935926
5.280335903167725,364,0,-0.07299847725935926
5.298604488372803,364,0,-0.07299847725935926
5.317300319671631,364,0,-0.07299847725935926
5.3347461223602295,364,0,-0.07299847725935926
5.353799343109131,364,0,-0.07299847725935926
5.371905088424683,364,0,-0.07299847725935926
5.389896631240845,364,0,-0.07299847725935926
5.4088499546051025,364,0,-0.07299847725935926
5.426999568939209,364,0,-0.07299847725935926
5.444159746170044,364,0,-0.07299847725935926
5.463024377822876,364,0,-0.07299847725935926
5.481254577636719,364,0,-0.07299847725935926
5.504054546356201,364,0,-0.07299847725935926
5.522259712219238,364,0,-0.07299847725935926
5.540282249450684,364,0,-0.07299847725935926
5.559169292449951,364,0,-0.07299847725935926
5.577247619628906,364,0,-0.07299847725935926
5.594271659851074,364,0,-0.07299847725935926
5.613339424133301,364,0,-0.07299847725935926
5.631290674209595,364,0,-0.07299847725935926
5.649301052093506,364,0,-0.07299847725935926
5.6684863567352295,364,0,-0.07299847725935926
5.686542749404907,364,0,-0.07299847725935926
5.703616142272949,364,0,-0.07299847725935926
5.722660064697266,364,0,-0.07299847725935926
5.74053955078125,364,0,-0.07299847725935926
5.759817838668823,364,0,-0.07299847725935926
5.778155326843262,364,0,-0.07299847725935926
5.7958457469940186,364,0,-0.07299847725935926
5.814126253128052,364,0,-0.07299847725935926
5.832237958908081,364,0,-0.07299847725935926
5.850209474563599,364,0,-0.07299847725935926
5.869303226470947,364,0,-0.07299847725935926
5.890929222106934,364,0,-0.07299847725935926
5.910016298294067,364,0,-0.07299847725935926
5.928305149078369,364,0,-0.07299847725935926
5.946429252624512,364,0,-0.07299847725935926
5.984286069869995,364,0,-0.07299847725935926
6.035675048828125,364,0,-0.07299847725935926
6.0930047035217285,364,0,-0.07299847725935926
6.123218536376953,364,0,-0.07299847725935926
6.1413023471832275,364,0,-0.07299847725935926
6.159245252609253,364,0,-0.07299847725935926
6.178568363189697,364,0,-0.07299847725935926
6.196687936782837,364,0,-0.07299847725935926
6.215285062789917,364,0,-0.07299847725935926
6.232661247253418,364,0,-0.07299847725935926
6.250584840774536,364,0,-0.07299847725935926
6.269824504852295,364,0,-0.07299847725935926
6.291351556777954,364,0,-0.07299847725935926
6.309313535690308,364,0,-0.07299847725935926
6.328516960144043,364,0,-0.07299847725935926
6.346521377563477,364,0,-0.07299847725935926
6.363629341125488,364,0,-0.07299847725935926
6.382643699645996,364,0,-0.07299847725935926
6.400617837905884,364,0,-0.07299847725935926
6.4215967655181885,364,0,-0.07299847725935926
6.4396491050720215,364,0,-0.07299847725935926
6.45768666267395,364,0,-0.07299847725935926
6.476592063903809,364,0,-0.07299847725935926
6.493653774261475,364,0,-0.07299847725935926
6.511866807937622,364,0,-0.07299847725935926
6.530502080917358,364,0,-0.07299847725935926
6.548612594604492,364,0,-0.07299847725935926
6.566753387451172,364,0,-0.07299847725935926
6.585681438446045,364,0,-0.07299847725935926
6.602763891220093,364,0,-0.07299847725935926
6.621757984161377,364,0,-0.07299847725935926
6.639929294586182,364,0,-0.07299847725935926
6.658159255981445,364,0,-0.07299847725935926
6.677221298217773,364,0,-0.07299847725935926
6.6988372802734375,364,0,-0.07299847725935926
6.716932535171509,364,0,-0.07299847725935926
6.735726594924927,364,0,-0.07299847725935926
6.752983808517456,364,0,-0.07299847725935926
6.771034002304077,364,0,-0.07299847725935926
6.790050506591797,364,0,-0.07299847725935926
6.808377265930176,364,0,-0.07299847725935926
6.827184200286865,364,0,-0.07299847725935926
6.844213247299194,364,0,-0.07299847725935926
6.862512111663818,364,0,-0.07299847725935926
6.881260633468628,364,0,-0.07299847725935926
6.899350166320801,364,0,-0.07299847725935926
6.917776584625244,364,0,-0.07299847725935926
6.936863660812378,364,0,-0.07299847725935926
6.953944206237793,364,0,-0.07299847725935926
6.972714900970459,364,0,-0.07299847725935926
6.991590261459351,364,0,-0.07299847725935926
7.009264945983887,364,0,-0.07299847725935926
7.028455495834351,364,0,-0.07299847725935926
7.046586275100708,364,0,-0.07299847725935926
7.063605785369873,364,0,-0.07299847725935926
7.0825793743133545,364,0,-0.07299847725935926
7.104194641113281,364,0,-0.07299847725935926
7.122248411178589,364,0,-0.07299847725935926
7.141026973724365,364,0,-0.07299847725935926
7.159077167510986,364,0,-0.07299847725935926
7.177135705947876,364,0,-0.07299847725935926
7.196380853652954,364,0,-0.07299847725935926
7.213227033615112,364,0,-0.07299847725935926
7.232520818710327,364,0,-0.07299847725935926
7.250319004058838,364,0,-0.07299847725935926
7.26853346824646,364,0,-0.07299847725935926
7.287726402282715,364,0,-0.07299847725935926
7.305275917053223,364,0,-0.07299847725935926
7.32269549369812,364,0,-0.07299847725935926
7.341901779174805,364,0,-0.07299847725935926
7.3598246574401855,364,0,-0.07299847725935926
7.378027677536011,364,0,-0.07299847725935926
7.396835565567017,364,0,-0.07299847725935926
7.413856029510498,364,0,-0.07299847725935926
7.432845830917358,364,0,-0.07299847725935926
7.450632572174072,364,0,-0.07299847725935926
7.468860149383545,364,0,-0.07299847725935926
7.4881250858306885,364,0,-0.07299847725935926
7.50969123840332,364,0,-0.07299847725935926
7.527988433837891,364,0,-0.07299847725935926
7.548311710357666,364,0,-0.07299847725935926
7.566378593444824,364,0,-0.07299847725935926
7.583313941955566,364,0,-0.07299847725935926
7.602375030517578,364,0,-0.07299847725935926
7.620260238647461,364,0,-0.07299847725935926
7.639153480529785,364,0,-0.07299847725935926
7.657136917114258,364,0,-0.07299847725935926
7.674159526824951,364,0,-0.07299847725935926
7.6930832862854,364,0,-0.07299847725935926
7.711198806762695,364,0,-0.07299847725935926
7.729173898696899,364,0,-0.07299847725935926
7.7483744621276855,364,0,-0.07299847725935926
7.7665791511535645,364,0,-0.07299847725935926
7.783664226531982,364,0,-0.07299847725935926
7.802567005157471,364,0,-0.07299847725935926
7.820563793182373,364,0,-0.07299847725935926
7.839724779129028,364,0,-0.07299847725935926
7.857928514480591,364,0,-0.07299847725935926
7.875663995742798,364,0,-0.07299847725935926
7.898635625839233,364,0,-0.07299847725935926
7.916753530502319,364,0,-0.07299847725935926
7.933803081512451,364,0,-0.07299847725935926
7.95278000831604,364,0,-0.07299847725935926
7.971267223358154,364,0,-0.07299847725935926
8.006375312805176,364,0,-0.07299847725935926
8.023231029510498,364,0,-0.07299847725935926
8.042301416397095,364,0,-0.07299847725935926
8.060299158096313,364,0,-0.07299847725935926
8.078524827957153,364,0,-0.07299847725935926
8.097256898880005,364,0,-0.07299847725935926
8.114264011383057,364,0,-0.07299847725935926
8.132553815841675,364,0,-0.07299847725935926
8.151225328445435,364,0,-0.07299847725935926
8.169255018234253,364,0,-0.07299847725935926
8.187375545501709,364,0,-0.07299847725935926
8.206610441207886,364,0,-0.07299847725935926
8.223706483840942,364,0,-0.07299847725935926
8.24187684059143,364,0,-0.07299847725935926
8.260493755340576,364,0,-0.07299847725935926
8.278682947158813,364,0,-0.07299847725935926
8.30115795135498,364,0,-0.07299847725935926
8.319145679473877,364,0,-0.07299847725935926
8.337305545806885,364,0,-0.07299847725935926
8.356454372406006,364,0,-0.07299847725935926
8.3733549118042,364,0,-0.07299847725935926
8.391603231430054,364,0,-0.07299847725935926
8.416889190673828,364,0,-0.07299847725935926
8.44580602645874,364,0,-0.07299847725935926
8.464061737060547,364,0,-0.07299847725935926
8.48233938217163,364,0,-0.07299847725935926
8.501209259033203,364,0,-0.07299847725935926
8.51922345161438,364,0,-0.07299847725935926
8.53731632232666,364,0,-0.07299847725935926
8.556427001953125,364,0,-0.07299847725935926
8.573344230651855,364,0,-0.07299847725935926
8.591670751571655,364,0,-0.07299847725935926
8.610411167144775,364,0,-0.07299847725935926
8.62855315208435,364,0,-0.07299847725935926
8.646916389465332,364,0,-0.07299847725935926
8.665929079055786,364,0,-0.07299847725935926
8.683096408843994,364,0,-0.07299847725935926
8.706585884094238,364,0,-0.07299847725935926
8.723830938339233,364,0,-0.07299847725935926
8.741873502731323,364,0,-0.07299847725935926
8.760482549667358,364,0,-0.07299847725935926
8.778757095336914,364,0,-0.07299847725935926
8.79678988456726,364,0,-0.07299847725935926
8.815328121185303,364,0,-0.07299847725935926
8.832732677459717,364,0,-0.07299847725935926
8.850675344467163,364,0,-0.07299847725935926
8.869985580444336,364,0,-0.07299847725935926
8.888215065002441,364,0,-0.07299847725935926
8.907139539718628,364,0,-0.07299847725935926
8.924192905426025,364,0,-0.07299847725935926
8.942267894744873,364,0,-0.07299847725935926
8.973851203918457,364,0,-0.07299847725935926
9.001117706298828,364,0,-0.07299847725935926
9.0202054977417,364,0,-0.07299847725935926
9.038382291793823,364,0,-0.07299847725935926
9.056491613388062,364,0,-0.07299847725935926
9.07425594329834,364,0,-0.07299847725935926
9.09252119064331,364,0,-0.07299847725935926
9.116379976272583,364,0,-0.07299847725935926
9.133255004882812,364,0,-0.07299847725935926
9.151291370391846,364,0,-0.07299847725935926
9.170360088348389,364,0,-0.07299847725935926
9.18854308128357,364,0,-0.07299847725935926
9.206593036651611,364,0,-0.07299847725935926
9.225273132324219,364,0,-0.07299847725935926
9.242786169052124,364,0,-0.07299847725935926
9.261856079101562,364,0,-0.07299847725935926
9.279823303222656,364,0,-0.07299847725935926
9.29799509048462,364,0,-0.07299847725935926
9.316999912261963,364,0,-0.07299847725935926
9.334163188934326,364,0,-0.07299847725935926
9.352280855178833,364,0,-0.07299847725935926
9.37561821937561,364,0,-0.07299847725935926
9.392909049987793,364,0,-0.07299847725935926
9.410630941390991,364,0,-0.07299847725935926
9.429847478866577,364,0,-0.07299847725935926
9.448166370391846,364,0,-0.07299847725935926
9.466947793960571,364,0,-0.07299847725935926
9.484023094177246,364,0,-0.07299847725935926
9.506933212280273,364,0,-0.07299847725935926
9.5257728099823,364,0,-0.07299847725935926
9.542949676513672,364,0,-0.07299847725935926
9.560934782028198,364,0,-0.07299847725935926
9.580011367797852,364,0,-0.07299847725935926
9.598174810409546,364,0,-0.07299847725935926
9.617059469223022,364,0,-0.07299847725935926
9.634254693984985,364,0,-0.07299847725935926
9.652387380599976,364,0,-0.07299847725935926
9.67119812965393,364,0,-0.07299847725935926
9.689248085021973,364,0,-0.07299847725935926
9.707278966903687,364,0,-0.07299847725935926
9.726501703262329,364,0,-0.07299847725935926
9.743743896484375,364,0,-0.07299847725935926
9.76188850402832,364,0,-0.07299847725935926
9.78049921989441,364,0,-0.07299847725935926
9.798766613006592,364,0,-0.07299847725935926
9.81682538986206,364,0,-0.07299847725935926
9.835662364959717,364,0,-0.07299847725935926
9.852756023406982,364,0,-0.07299847725935926
9.871843814849854,364,0,-0.07299847725935926
9.889905452728271,364,0,-0.07299847725935926
9.911858558654785,364,0,-0.07299847725935926
9.930679321289062,364,0,-0.07299847725935926
9.948873281478882,364,0,-0.07299847725935926
9.967989921569824,364,0,-0.07299847725935926
9.986926078796387,364,0,-0.07299847725935926
10.003981590270996,364,0,-0.07299847725935926
